iteration,type,id,money
1,agent,G0,28120000.00
1,agent,G1,11444992.02
1,agent,G2,70680000.00
1,agent,G3,480000.00
1,agent,G4,16380000.00
1,agent,G5,38640000.00
1,agent,G6,18060000.00
1,agent,G7,16120000.00
1,agent,G8,9300000.00
1,agent,G9,21590097.49
1,firm,F0,99000000.00
1,firm,F1,26000000.00
1,firm,F2,76000000.00
1,firm,F3,59000000.00
1,firm,F4,78000000.00
1,firm,F5,60000000.00
1,firm,F6,94343426.54
1,firm,F7,28000000.00
1,firm,F8,30000000.00
1,firm,F9,83590015.95
2,agent,G0,15887461.57
2,agent,G1,11444992.02
2,agent,G2,70680000.00
2,agent,G3,480000.00
2,agent,G4,21229546.76
2,agent,G5,48903461.57
2,agent,G6,18060000.00
2,agent,G7,16120000.00
2,agent,G8,9300000.00
2,agent,G9,21590097.49
2,firm,F0,99000000.00
2,firm,F1,26000000.00
2,firm,F2,76000000.00
2,firm,F3,61900949.11
2,firm,F4,78000000.00
2,firm,F5,60000000.00
2,firm,F6,94343426.54
2,firm,F7,28000000.00
2,firm,F8,30000000.00
2,firm,F9,83590015.95
3,agent,G0,15887461.57
3,agent,G1,11444992.02
3,agent,G2,70680000.00
3,agent,G3,480000.00
3,agent,G4,21229546.76
3,agent,G5,48903461.57
3,agent,G6,18060000.00
3,agent,G7,18361084.72
3,agent,G8,9300000.00
3,agent,G9,19984318.48
3,firm,F0,99000000.00
3,firm,F1,27605779.01
3,firm,F2,76000000.00
3,firm,F3,61900949.11
3,firm,F4,78000000.00
3,firm,F5,60000000.00
3,firm,F6,94791953.82
3,firm,F7,28000000.00
3,firm,F8,30000000.00
3,firm,F9,83590015.95
4,agent,G0,15887461.57
4,agent,G1,6515450.64
4,agent,G2,70680000.00
4,agent,G3,480000.00
4,agent,G4,21229546.76
4,agent,G5,48903461.57
4,agent,G6,18060000.00
4,agent,G7,22587536.96
4,agent,G8,9300000.00
4,agent,G9,20585262.97
4,firm,F0,99000000.00
4,firm,F1,27605779.01
4,firm,F2,76000000.00
4,firm,F3,61900949.11
4,firm,F4,78000000.00
4,firm,F5,60000000.00
4,firm,F6,95495042.96
4,firm,F7,28000000.00
4,firm,F8,30000000.00
4,firm,F9,83733232.46
5,agent,G0,9490143.55
5,agent,G1,6515450.64
5,agent,G2,70680000.00
5,agent,G3,6629276.55
5,agent,G4,21229546.76
5,agent,G5,48903461.57
5,agent,G6,18060000.00
5,agent,G7,22587536.96
5,agent,G8,9300000.00
5,agent,G9,20585262.97
5,firm,F0,99000000.00
5,firm,F1,27605779.01
5,firm,F2,76144635.58
5,firm,F3,61900949.11
5,firm,F4,78000000.00
5,firm,F5,60000000.00
5,firm,F6,95495042.96
5,firm,F7,28000000.00
5,firm,F8,30000000.00
5,firm,F9,84798147.34
6,agent,G0,9490143.55
6,agent,G1,6668695.24
6,agent,G2,70680000.00
6,agent,G3,6629276.55
6,agent,G4,21229546.76
6,agent,G5,48903461.57
6,agent,G6,18060000.00
6,agent,G7,22021517.96
6,agent,G8,8665922.28
6,agent,G9,20884896.61
6,firm,F0,99000000.00
6,firm,F1,27605779.01
6,firm,F2,76144635.58
6,firm,F3,61900949.11
6,firm,F4,78000000.00
6,firm,F5,60000000.00
6,firm,F6,96808280.44
6,firm,F7,28000000.00
6,firm,F8,30000000.00
6,firm,F9,84798147.34
7,agent,G0,8924124.55
7,agent,G1,6802647.98
7,agent,G2,70680000.00
7,agent,G3,6629276.55
7,agent,G4,19578824.82
7,agent,G5,49483138.63
7,agent,G6,18060000.00
7,agent,G7,22021517.96
7,agent,G8,8665922.28
7,agent,G9,20750943.87
7,firm,F0,99000000.00
7,firm,F1,27605779.01
7,firm,F2,76710654.58
7,firm,F3,63551671.05
7,firm,F4,78000000.00
7,firm,F5,60000000.00
7,firm,F6,96808280.44
7,firm,F7,28000000.00
7,firm,F8,30142554.94
7,firm,F9,84798147.34
8,agent,G0,8924124.55
8,agent,G1,6802647.98
8,agent,G2,70680000.00
8,agent,G3,6629276.55
8,agent,G4,19578824.82
8,agent,G5,48738977.63
8,agent,G6,18060000.00
8,agent,G7,32506212.43
8,agent,G8,8868614.23
8,agent,G9,11661423.40
8,firm,F0,100335055.50
8,firm,F1,27605779.01
8,firm,F2,76710654.58
8,firm,F3,63551671.05
8,firm,F4,78000000.00
8,firm,F5,60000000.00
8,firm,F6,96808280.44
8,firm,F7,28630129.54
8,firm,F8,30886715.94
8,firm,F9,84798147.34
9,agent,G0,8924124.55
9,agent,G1,6802647.98
9,agent,G2,70680000.00
9,agent,G3,9920086.73
9,agent,G4,19578824.82
9,agent,G5,48766734.76
9,agent,G6,18060000.00
9,agent,G7,32506212.43
9,agent,G8,5104390.24
9,agent,G9,10717976.30
9,firm,F0,100335055.50
9,firm,F1,28278478.93
9,firm,F2,76710654.58
9,firm,F3,63551671.05
9,firm,F4,78000000.00
9,firm,F5,60005274.87
9,firm,F6,97552441.44
9,firm,F7,28630129.54
9,firm,F8,30886715.94
9,firm,F9,84798147.34
10,agent,G0,8924124.55
10,agent,G1,6802647.98
10,agent,G2,70680000.00
10,agent,G3,9920086.73
10,agent,G4,16015773.82
10,agent,G5,48766734.76
10,agent,G6,18060000.00
10,agent,G7,31631508.85
10,agent,G8,2905750.03
10,agent,G9,14691523.77
10,firm,F0,100335055.50
10,firm,F1,28278478.93
10,firm,F2,77013854.68
10,firm,F3,67428490.27
10,firm,F4,78000000.00
10,firm,F5,60005274.87
10,firm,F6,97552441.44
10,firm,F7,28630129.54
10,firm,F8,30886715.94
10,firm,F9,84798147.34
11,agent,G0,8593672.86
11,agent,G1,6802647.98
11,agent,G2,70680000.00
11,agent,G3,10054729.26
11,agent,G4,16015773.82
11,agent,G5,48766734.76
11,agent,G6,18060000.00
11,agent,G7,31631508.85
11,agent,G8,2905750.03
11,agent,G9,14191615.77
11,firm,F0,100335055.50
11,firm,F1,28356879.15
11,firm,F2,77013854.68
11,firm,F3,67428490.27
11,firm,F4,78000000.00
11,firm,F5,60622591.82
11,firm,F6,97552441.44
11,firm,F7,28630129.54
11,firm,F8,30886715.94
11,firm,F9,85298055.34
12,agent,G0,8593672.86
12,agent,G1,6930338.84
12,agent,G2,70680000.00
12,agent,G3,10054729.26
12,agent,G4,16015773.82
12,agent,G5,48766734.76
12,agent,G6,18060000.00
12,agent,G7,34195849.86
12,agent,G8,2905750.03
12,agent,G9,13149838.06
12,firm,F0,100335055.50
12,firm,F1,28356879.15
12,firm,F2,77013854.68
12,firm,F3,68342577.12
12,firm,F4,78674745.99
12,firm,F5,60622591.82
12,firm,F6,97552441.44
12,firm,F7,29196148.54
12,firm,F8,30886715.94
12,firm,F9,85298055.34
13,agent,G0,4913782.37
13,agent,G1,10094837.68
13,agent,G2,70680000.00
13,agent,G3,10054729.26
13,agent,G4,16015773.82
13,agent,G5,48766734.76
13,agent,G6,18060000.00
13,agent,G7,34195849.86
13,agent,G8,2640021.34
13,agent,G9,13149838.06
13,firm,F0,100335055.50
13,firm,F1,28356879.15
13,firm,F2,77693081.62
13,firm,F3,68342577.12
13,firm,F4,79342882.40
13,firm,F5,60622591.82
13,firm,F6,97552441.44
13,firm,F7,29196148.54
13,firm,F8,30886715.94
13,firm,F9,85298055.34
14,agent,G0,2772417.42
14,agent,G1,10229583.34
14,agent,G2,70680000.00
14,agent,G3,10054729.26
14,agent,G4,16336402.31
14,agent,G5,48766734.76
14,agent,G6,19849660.95
14,agent,G7,34195849.86
14,agent,G8,2640021.34
14,agent,G9,12593232.06
14,firm,F0,100335055.50
14,firm,F1,28356879.15
14,firm,F2,77693081.62
14,firm,F3,68342577.12
14,firm,F4,79444114.26
14,firm,F5,60622591.82
14,firm,F6,98109047.44
14,firm,F7,29547852.54
14,firm,F8,30886715.94
14,firm,F9,85298055.34
15,agent,G0,2658306.57
15,agent,G1,10229583.34
15,agent,G2,70680000.00
15,agent,G3,9426672.03
15,agent,G4,16336402.31
15,agent,G5,48766734.76
15,agent,G6,19849660.95
15,agent,G7,35112880.73
15,agent,G8,2640021.34
15,agent,G9,12093324.06
15,firm,F0,100335055.50
15,firm,F1,28356879.15
15,firm,F2,78192989.62
15,firm,F3,69084745.20
15,firm,F4,79444114.26
15,firm,F5,60820496.95
15,firm,F6,98109047.44
15,firm,F7,29547852.54
15,firm,F8,30886715.94
15,firm,F9,85298055.34
16,agent,G0,2521188.24
16,agent,G1,10229583.34
16,agent,G2,70680000.00
16,agent,G3,10609239.60
16,agent,G4,34086453.69
16,agent,G5,27503398.33
16,agent,G6,19849660.95
16,agent,G7,34612972.73
16,agent,G8,2640021.34
16,agent,G9,12093324.06
16,firm,F0,100335055.50
16,firm,F1,31870164.19
16,firm,F2,78192989.62
16,firm,F3,69084745.20
16,firm,F4,80177947.02
16,firm,F5,60820496.95
16,firm,F6,98109047.44
16,firm,F7,29547852.54
16,firm,F8,30886715.94
16,firm,F9,85298055.34
17,agent,G0,2758354.80
17,agent,G1,10335370.57
17,agent,G2,70680000.00
17,agent,G3,10609239.60
17,agent,G4,34086453.69
17,agent,G5,25154469.54
17,agent,G6,19849660.95
17,agent,G7,34612972.73
17,agent,G8,2640021.34
17,agent,G9,12093324.06
17,firm,F0,100335055.50
17,firm,F1,31870164.19
17,firm,F2,78192989.62
17,firm,F3,69084745.20
17,firm,F4,80177947.02
17,firm,F5,61244819.95
17,firm,F6,98109047.44
17,firm,F7,29547852.54
17,firm,F8,30886715.94
17,firm,F9,87304030.34
18,agent,G0,2647377.62
18,agent,G1,10335370.57
18,agent,G2,40267452.89
18,agent,G3,10220308.78
18,agent,G4,34086453.69
18,agent,G5,51285922.43
18,agent,G6,21518688.95
18,agent,G7,34612972.73
18,agent,G8,2640021.34
18,agent,G9,12093324.06
18,firm,F0,100335055.50
18,firm,F1,31870164.19
18,firm,F2,78537406.62
18,firm,F3,69084745.20
18,firm,F4,80677855.02
18,firm,F5,65525914.16
18,firm,F6,98109047.44
18,firm,F7,29547852.54
18,firm,F8,30886715.94
18,firm,F9,87304030.34
19,agent,G0,2536769.52
19,agent,G1,10445978.68
19,agent,G2,37158527.16
19,agent,G3,10220308.78
19,agent,G4,34086453.69
19,agent,G5,51285922.43
19,agent,G6,21518688.95
19,agent,G7,38474979.57
19,agent,G8,2640021.34
19,agent,G9,12093324.06
19,firm,F0,100335055.50
19,firm,F1,31870164.19
19,firm,F2,81646332.34
19,firm,F3,69084745.20
19,firm,F4,80677855.02
19,firm,F5,65950237.16
19,firm,F6,99019475.60
19,firm,F7,29547852.54
19,firm,F8,30886715.94
19,firm,F9,87304030.34
20,agent,G0,2536769.52
20,agent,G1,10890005.90
20,agent,G2,37158527.16
20,agent,G3,10220308.78
20,agent,G4,34086453.69
20,agent,G5,51285922.43
20,agent,G6,19145255.24
20,agent,G7,35486321.72
20,agent,G8,2640021.34
20,agent,G9,12093324.06
20,firm,F0,100335055.50
20,firm,F1,31870164.19
20,firm,F2,83659777.34
20,firm,F3,69084745.20
20,firm,F4,80677855.02
20,firm,F5,65950237.16
20,firm,F6,102025635.95
20,firm,F7,29547852.54
20,firm,F8,30886715.94
20,firm,F9,87304030.34
21,agent,G0,180160.52
21,agent,G1,24955515.71
21,agent,G2,21759983.93
21,agent,G3,10220308.78
21,agent,G4,34086453.69
21,agent,G5,51285922.43
21,agent,G6,19145255.24
21,agent,G7,36143191.94
21,agent,G8,2640021.34
21,agent,G9,12093324.06
21,firm,F0,100335055.50
21,firm,F1,31870164.19
21,firm,F2,83659777.34
21,firm,F3,69084745.20
21,firm,F4,83324731.89
21,firm,F5,66336132.49
21,firm,F6,102025635.95
21,firm,F7,29547852.54
21,firm,F8,30886715.94
21,firm,F9,89660639.34
22,agent,G0,183803.60
22,agent,G1,24955515.71
22,agent,G2,21743624.93
22,agent,G3,10220308.78
22,agent,G4,34096231.16
22,agent,G5,28755548.51
22,agent,G6,19145255.24
22,agent,G7,36143191.94
22,agent,G8,21138385.36
22,agent,G9,12093324.06
22,firm,F0,100335055.50
22,firm,F1,31870164.19
22,firm,F2,83659777.34
22,firm,F3,69084745.20
22,firm,F4,83324731.89
22,firm,F5,66352491.49
22,firm,F6,102028574.40
22,firm,F7,29547852.54
22,firm,F8,30886715.94
22,firm,F9,93692649.24
23,agent,G0,225526.05
23,agent,G1,25087868.73
23,agent,G2,21743624.93
23,agent,G3,10220308.78
23,agent,G4,33963878.13
23,agent,G5,28755548.51
23,agent,G6,18588649.24
23,agent,G7,40583706.60
23,agent,G8,21138385.36
23,agent,G9,6859179.48
23,firm,F0,100335055.50
23,firm,F1,31870164.19
23,firm,F2,83659777.34
23,firm,F3,69084745.20
23,firm,F4,83324731.89
23,firm,F5,66352491.49
23,firm,F6,102585180.40
23,firm,F7,29557021.08
23,firm,F8,30886715.94
23,firm,F9,94486279.16
24,agent,G0,229828.81
24,agent,G1,25087868.73
24,agent,G2,13362326.63
24,agent,G3,10220308.78
24,agent,G4,33959575.37
24,agent,G5,28755548.51
24,agent,G6,18588649.24
24,agent,G7,40567347.60
24,agent,G8,21138385.36
24,agent,G9,15492768.03
24,firm,F0,100335055.50
24,firm,F1,31870164.19
24,firm,F2,83659777.34
24,firm,F3,70732520.45
24,firm,F4,83324731.89
24,firm,F5,66826024.99
24,firm,F6,102601539.40
24,firm,F7,29557021.08
24,firm,F8,30886715.94
24,firm,F9,94486279.16
25,agent,G0,234208.55
25,agent,G1,29707649.01
25,agent,G2,13362326.63
25,agent,G3,9414935.75
25,agent,G4,33938836.64
25,agent,G5,28755548.51
25,agent,G6,18588649.24
25,agent,G7,40567347.60
25,agent,G8,21138385.36
25,agent,G9,15492768.03
25,firm,F0,101361743.22
25,firm,F1,31870164.19
25,firm,F2,83659777.34
25,firm,F3,71537893.47
25,firm,F4,83324731.89
25,firm,F5,66826024.99
25,firm,F6,102617898.40
25,firm,F7,29557021.08
25,firm,F8,30886715.94
25,firm,F9,94486279.16
26,agent,G0,102501.22
26,agent,G1,29707649.01
26,agent,G2,13362326.63
26,agent,G3,9546643.09
26,agent,G4,33938836.64
26,agent,G5,36395470.91
26,agent,G6,18588649.24
26,agent,G7,40567347.60
26,agent,G8,11867599.47
26,agent,G9,14999353.95
26,firm,F0,101361743.22
26,firm,F1,31870164.19
26,firm,F2,83659777.34
26,firm,F3,72039302.55
26,firm,F4,83324731.89
26,firm,F5,66826024.99
26,firm,F6,104248761.89
26,firm,F7,29557021.08
26,firm,F8,30886715.94
26,firm,F9,94486279.16
27,agent,G0,91261.61
27,agent,G1,31595718.73
27,agent,G2,13362326.63
27,agent,G3,9546643.09
27,agent,G4,28292368.64
27,agent,G5,37641857.24
27,agent,G6,18588649.24
27,agent,G7,40567347.60
27,agent,G8,11867599.47
27,agent,G9,15008614.59
27,firm,F0,101361743.22
27,firm,F1,32442004.14
27,firm,F2,83659777.34
27,firm,F3,72041281.51
27,firm,F4,88971199.89
27,firm,F5,66826024.99
27,firm,F6,104248761.89
27,firm,F7,29557021.08
27,firm,F8,30886715.94
27,firm,F9,94486279.16
28,agent,G0,-530447.47
28,agent,G1,31595718.73
28,agent,G2,13362326.63
28,agent,G3,5426055.79
28,agent,G4,28292368.64
28,agent,G5,41134224.19
28,agent,G6,18588649.24
28,agent,G7,40567347.60
28,agent,G8,14145686.16
28,agent,G9,15008614.59
28,firm,F0,102666552.95
28,firm,F1,32941912.14
28,firm,F2,83659777.34
28,firm,F3,72041281.51
28,firm,F4,88971199.89
28,firm,F5,66826024.99
28,firm,F6,104248761.89
28,firm,F7,29557021.08
28,firm,F8,30886715.94
28,firm,F9,94486279.16
29,agent,G0,-530447.47
29,agent,G1,31595718.73
29,agent,G2,7607140.29
29,agent,G3,5426055.79
29,agent,G4,28292368.64
29,agent,G5,46068899.15
29,agent,G6,18588649.24
29,agent,G7,40567347.60
29,agent,G8,14145686.16
29,agent,G9,15008614.59
29,firm,F0,102666552.95
29,firm,F1,32941912.14
29,firm,F2,83659777.34
29,firm,F3,72861792.89
29,firm,F4,88971199.89
29,firm,F5,66826024.99
29,firm,F6,104248761.89
29,firm,F7,29557021.08
29,firm,F8,30886715.94
29,firm,F9,94486279.16
30,agent,G0,-4236743.47
30,agent,G1,30574087.94
30,agent,G2,24637164.34
30,agent,G3,5426055.79
30,agent,G4,28292368.64
30,agent,G5,26448130.04
30,agent,G6,18588649.24
30,agent,G7,41272739.33
30,agent,G8,14145686.16
30,agent,G9,15008614.59
30,firm,F0,102666552.95
30,firm,F1,32941912.14
30,firm,F2,83659777.34
30,firm,F3,72861792.89
30,firm,F4,88971199.89
30,firm,F5,66826024.99
30,firm,F6,104248761.89
30,firm,F7,33424997.36
30,firm,F8,34499091.79
30,firm,F9,94486279.16
31,agent,G0,6085843.42
31,agent,G1,15962684.67
31,agent,G2,24067897.04
31,agent,G3,5426055.79
31,agent,G4,28292368.64
31,agent,G5,26448130.04
31,agent,G6,19157916.54
31,agent,G7,42965688.86
31,agent,G8,14145686.16
31,agent,G9,15008614.59
31,firm,F0,102666552.95
31,firm,F1,35315511.14
31,firm,F2,83659777.34
31,firm,F3,72861792.89
31,firm,F4,88971199.89
31,firm,F5,67173387.46
31,firm,F6,104248761.89
31,firm,F7,33424997.36
31,firm,F8,36414309.17
31,firm,F9,94486279.16
32,agent,G0,6511154.36
32,agent,G1,15962684.67
32,agent,G2,23428379.56
32,agent,G3,5098478.31
32,agent,G4,28292368.64
32,agent,G5,26448130.04
32,agent,G6,19157916.54
32,agent,G7,42738134.35
32,agent,G8,14145686.16
32,agent,G9,15008614.59
32,firm,F0,102666552.95
32,firm,F1,35315511.14
32,firm,F2,84080085.87
32,firm,F3,72861792.89
32,firm,F4,88971199.89
32,firm,F5,68040459.46
32,firm,F6,104248761.89
32,firm,F7,33424997.36
32,firm,F8,36414309.17
32,firm,F9,94486279.16
33,agent,G0,6511154.36
33,agent,G1,8445306.17
33,agent,G2,28888381.57
33,agent,G3,5098478.31
33,agent,G4,28292368.64
33,agent,G5,27484293.92
33,agent,G6,19157916.54
33,agent,G7,42738134.35
33,agent,G8,10439390.16
33,agent,G9,16766048.23
33,firm,F0,106713618.31
33,firm,F1,35315511.14
33,firm,F2,84080085.87
33,firm,F3,73883005.51
33,firm,F4,88971199.89
33,firm,F5,68040459.46
33,firm,F6,104248761.89
33,firm,F7,33424997.36
33,firm,F8,36414309.17
33,firm,F9,94486279.16
34,agent,G0,6511154.36
34,agent,G1,8445306.17
34,agent,G2,29518631.58
34,agent,G3,5098478.31
34,agent,G4,28292368.64
34,agent,G5,27484293.92
34,agent,G6,34736734.41
34,agent,G7,24126444.74
34,agent,G8,10439390.16
34,agent,G9,14103675.20
34,firm,F0,108811821.31
34,firm,F1,35315511.14
34,firm,F2,84080085.87
34,firm,F3,73883005.51
34,firm,F4,92004071.63
34,firm,F5,68040459.46
34,firm,F6,104248761.89
34,firm,F7,33440750.38
34,firm,F8,36414309.17
34,firm,F9,94486279.16
35,agent,G0,7089632.64
35,agent,G1,8445306.17
35,agent,G2,29715361.15
35,agent,G3,5098478.31
35,agent,G4,28292368.64
35,agent,G5,27484293.92
35,agent,G6,34736734.41
35,agent,G7,23929715.17
35,agent,G8,9694453.78
35,agent,G9,14103675.20
35,firm,F0,108811821.31
35,firm,F1,35315511.14
35,firm,F2,84080085.87
35,firm,F3,73883005.51
35,firm,F4,92004071.63
35,firm,F5,68040459.46
35,firm,F6,105421120.61
35,firm,F7,34185686.77
35,firm,F8,36414309.17
35,firm,F9,94486279.16
36,agent,G0,6960883.69
36,agent,G1,7927264.17
36,agent,G2,29715361.15
36,agent,G3,5227227.27
36,agent,G4,28292368.64
36,agent,G5,34619692.07
36,agent,G6,34736734.41
36,agent,G7,23929715.17
36,agent,G8,5500691.98
36,agent,G9,14103675.20
36,firm,F0,108811821.31
36,firm,F1,35833553.14
36,firm,F2,84080085.87
36,firm,F3,73883005.51
36,firm,F4,92004071.63
36,firm,F5,68040459.46
36,firm,F6,105421120.61
36,firm,F7,34817647.33
36,firm,F8,37228321.25
36,firm,F9,94486279.16
37,agent,G0,6960883.69
37,agent,G1,9117911.84
37,agent,G2,29715361.15
37,agent,G3,5227227.27
37,agent,G4,40431533.67
37,agent,G5,18757092.66
37,agent,G6,34736734.41
37,agent,G7,23419457.08
37,agent,G8,5500691.98
37,agent,G9,14103675.20
37,firm,F0,108811821.31
37,firm,F1,35833553.14
37,firm,F2,84080085.87
37,firm,F3,76076385.97
37,firm,F4,92004071.63
37,firm,F5,68040459.46
37,firm,F6,105421120.61
37,firm,F7,35089795.66
37,firm,F8,39268633.25
37,firm,F9,94486279.16
38,agent,G0,7024328.15
38,agent,G1,8764219.59
38,agent,G2,28252565.15
38,agent,G3,5227227.27
38,agent,G4,40431533.67
38,agent,G5,18757092.66
38,agent,G6,43332075.76
38,agent,G7,13349971.22
38,agent,G8,5500691.98
38,agent,G9,14103675.20
38,firm,F0,108811821.31
38,firm,F1,35833553.14
38,firm,F2,84080085.87
38,firm,F3,76076385.97
38,firm,F4,93831908.38
38,firm,F5,68053685.00
38,firm,F6,105421120.61
38,firm,F7,36552591.66
38,firm,F8,39268633.25
38,firm,F9,94486279.16
39,agent,G0,7024328.15
39,agent,G1,4955326.02
39,agent,G2,28252565.15
39,agent,G3,5227227.27
39,agent,G4,40431533.67
39,agent,G5,19223366.72
39,agent,G6,46534557.87
39,agent,G7,11687224.85
39,agent,G8,5500691.98
39,agent,G9,14103675.20
39,firm,F0,108811821.31
39,firm,F1,36439964.60
39,firm,F2,84080085.87
39,firm,F3,76076385.97
39,firm,F4,93831908.38
39,firm,F5,68053685.00
39,firm,F6,105421120.61
39,firm,F7,36552591.66
39,firm,F8,39268633.25
39,firm,F9,96702784.47
40,agent,G0,6157256.15
40,agent,G1,4955326.02
40,agent,G2,28460487.96
40,agent,G3,5227227.27
40,agent,G4,23962185.01
40,agent,G5,19223366.72
40,agent,G6,46534557.87
40,agent,G7,26890803.93
40,agent,G8,5500691.98
40,agent,G9,14103675.20
40,firm,F0,112191550.08
40,firm,F1,36439964.60
40,firm,F2,84080085.87
40,firm,F3,76076385.97
40,firm,F4,93831908.38
40,firm,F5,68920757.00
40,firm,F6,105421120.61
40,firm,F7,36552591.66
40,firm,F8,39268633.25
40,firm,F9,97221058.48
41,agent,G0,6157256.15
41,agent,G1,2817605.52
41,agent,G2,28460487.96
41,agent,G3,5227227.27
41,agent,G4,23333392.19
41,agent,G5,19852159.54
41,agent,G6,46534557.87
41,agent,G7,24272226.07
41,agent,G8,7327232.30
41,agent,G9,14103675.20
41,firm,F0,112191550.08
41,firm,F1,36439964.60
41,firm,F2,84122403.72
41,firm,F3,76076385.97
41,firm,F4,93831908.38
41,firm,F5,68920757.00
41,firm,F6,105732300.80
41,firm,F7,39392747.66
41,firm,F8,39268633.25
41,firm,F9,97221058.48
42,agent,G0,6137126.38
42,agent,G1,2780580.69
42,agent,G2,28460487.96
42,agent,G3,5247357.03
42,agent,G4,23333392.19
42,agent,G5,19852159.54
42,agent,G6,46534557.87
42,agent,G7,13801315.57
42,agent,G8,7327232.30
42,agent,G9,23050545.55
42,firm,F0,112191550.08
42,firm,F1,36439964.60
42,firm,F2,84122403.72
42,firm,F3,76076385.97
42,firm,F4,93831908.38
42,firm,F5,68920757.00
42,firm,F6,105732300.80
42,firm,F7,39469417.66
42,firm,F8,40792673.40
42,firm,F9,97230432.32
43,agent,G0,5873230.38
43,agent,G1,2780580.69
43,agent,G2,28460487.96
43,agent,G3,5247357.03
43,agent,G4,13247676.07
43,agent,G5,22758207.51
43,agent,G6,46534557.87
43,agent,G7,13738533.11
43,agent,G8,7327232.30
43,agent,G9,31631543.18
43,firm,F0,112191550.08
43,firm,F1,36439964.60
43,firm,F2,84122403.72
43,firm,F3,76076385.97
43,firm,F4,93831908.38
43,firm,F5,69184653.00
43,firm,F6,105732300.80
43,firm,F7,39469417.66
43,firm,F8,41389555.89
43,firm,F9,98735150.81
44,agent,G0,5873230.38
44,agent,G1,2780580.69
44,agent,G2,28460487.96
44,agent,G3,13541450.54
44,agent,G4,12522629.67
44,agent,G5,12895078.26
44,agent,G6,46534557.87
44,agent,G7,13491816.85
44,agent,G8,7327232.30
44,agent,G9,31631543.18
44,firm,F0,112245368.49
44,firm,F1,36439964.60
44,firm,F2,84122403.72
44,firm,F3,76076385.97
44,firm,F4,93831908.38
44,firm,F5,69184653.00
44,firm,F6,105732300.80
44,firm,F7,39469417.66
44,firm,F8,43205307.88
44,firm,F9,99755183.81
45,agent,G0,6068004.72
45,agent,G1,2568702.26
45,agent,G2,28545658.49
45,agent,G3,13541450.54
45,agent,G4,12437459.13
45,agent,G5,12895078.26
45,agent,G6,46534557.87
45,agent,G7,13143011.85
45,agent,G8,7327232.30
45,agent,G9,31631543.18
45,firm,F0,112245368.49
45,firm,F1,36439964.60
45,firm,F2,84471208.72
45,firm,F3,76076385.97
45,firm,F4,93831908.38
45,firm,F5,69184653.00
45,firm,F6,105732300.80
45,firm,F7,39517905.32
45,firm,F8,43417186.31
45,firm,F9,99755183.81
46,agent,G0,3448097.59
46,agent,G1,2557777.24
46,agent,G2,28545658.49
46,agent,G3,15775947.18
46,agent,G4,12448384.15
46,agent,G5,12895078.26
46,agent,G6,46534557.87
46,agent,G7,13143011.85
46,agent,G8,7327232.30
46,agent,G9,31583210.95
46,firm,F0,112245368.49
46,firm,F1,36439964.60
46,firm,F2,84471208.72
46,firm,F3,76076385.97
46,firm,F4,93831908.38
46,firm,F5,69184653.00
46,firm,F6,106117711.29
46,firm,F7,39567051.56
46,firm,F8,43417186.31
46,firm,F9,99755183.81
47,agent,G0,3448097.59
47,agent,G1,2557777.24
47,agent,G2,29304992.51
47,agent,G3,15775947.18
47,agent,G4,7045331.96
47,agent,G5,16691399.37
47,agent,G6,46534557.87
47,agent,G7,13143011.85
47,agent,G8,4055165.38
47,agent,G9,31583210.95
47,firm,F0,112245368.49
47,firm,F1,36439964.60
47,firm,F2,84471208.72
47,firm,F3,76076385.97
47,firm,F4,97302789.30
47,firm,F5,69184653.00
47,firm,F6,106117711.29
47,firm,F7,40414448.62
47,firm,F8,43417186.31
47,firm,F9,99755183.81
48,agent,G0,3448097.59
48,agent,G1,2557777.24
48,agent,G2,29402239.83
48,agent,G3,8900504.29
48,agent,G4,6948084.64
48,agent,G5,22087909.22
48,agent,G6,47180392.71
48,agent,G7,13143011.85
48,agent,G8,4055165.38
48,agent,G9,31583210.95
48,firm,F0,112245368.49
48,firm,F1,36439964.60
48,firm,F2,85601336.77
48,firm,F3,76076385.97
48,firm,F4,97418690.46
48,firm,F5,69184653.00
48,firm,F6,106117711.29
48,firm,F7,40414448.62
48,firm,F8,43765991.31
48,firm,F9,99755183.81
49,agent,G0,3387047.55
49,agent,G1,1439392.58
49,agent,G2,29463289.87
49,agent,G3,8900504.29
49,agent,G4,6948084.64
49,agent,G5,24870403.88
49,agent,G6,47180392.71
49,agent,G7,13143011.85
49,agent,G8,4983002.52
49,agent,G9,31583210.95
49,firm,F0,112245368.49
49,firm,F1,36630512.13
49,firm,F2,85601336.77
49,firm,F3,76076385.97
49,firm,F4,97418690.46
49,firm,F5,69184653.00
49,firm,F6,106117711.29
49,firm,F7,40414448.62
49,firm,F8,43765991.31
49,firm,F9,100646450.14
50,agent,G0,3331608.40
50,agent,G1,1439392.58
50,agent,G2,29518729.02
50,agent,G3,8900504.29
50,agent,G4,3918588.89
50,agent,G5,24870403.88
50,agent,G6,47273781.51
50,agent,G7,12899749.85
50,agent,G8,7511974.48
50,agent,G9,31583210.95
50,firm,F0,112245368.49
50,firm,F1,36630512.13
50,firm,F2,85844598.77
50,firm,F3,76076385.97
50,firm,F4,97418690.46
50,firm,F5,69184653.00
50,firm,F6,106137150.48
50,firm,F7,40414448.62
50,firm,F8,43765991.31
50,firm,F9,101146973.93
51,agent,G0,3331608.40
51,agent,G1,1439392.58
51,agent,G2,29518729.02
51,agent,G3,8900504.29
51,agent,G4,2227527.43
51,agent,G5,26314213.53
51,agent,G6,47090888.63
51,agent,G7,12220768.08
51,agent,G8,7694867.35
51,agent,G9,31583210.95
51,firm,F0,112245368.49
51,firm,F1,36630512.13
51,firm,F2,85844598.77
51,firm,F3,76076385.97
51,firm,F4,97418690.46
51,firm,F5,69184653.00
51,firm,F6,106919485.25
51,firm,F7,40661700.42
51,firm,F8,43765991.31
51,firm,F9,101146973.93
52,agent,G0,3331608.40
52,agent,G1,807347.98
52,agent,G2,29518729.02
52,agent,G3,8900504.29
52,agent,G4,2227527.43
52,agent,G5,26314213.53
52,agent,G6,46923198.55
52,agent,G7,12220768.08
52,agent,G8,4434424.91
52,agent,G9,34445124.37
52,firm,F0,112245368.49
52,firm,F1,36630512.13
52,firm,F2,85844598.77
52,firm,F3,76642605.08
52,firm,F4,97418690.46
52,firm,F5,69974818.60
52,firm,F6,106919485.25
52,firm,F7,40661700.42
52,firm,F8,43765991.31
52,firm,F9,101146973.93
53,agent,G0,3331608.40
53,agent,G1,807347.98
53,agent,G2,29518729.02
53,agent,G3,8900504.29
53,agent,G4,2346371.02
53,agent,G5,26314213.53
53,agent,G6,46897148.37
53,agent,G7,12220768.08
53,agent,G8,4460475.08
53,agent,G9,34445124.37
53,firm,F0,112245368.49
53,firm,F1,36630512.13
53,firm,F2,86061621.86
53,firm,F3,76642605.08
53,firm,F4,97418690.46
53,firm,F5,69974818.60
53,firm,F6,106919485.25
53,firm,F7,40661700.42
53,firm,F8,43968079.63
53,firm,F9,101146973.93
54,agent,G0,2569872.40
54,agent,G1,807347.98
54,agent,G2,29518729.02
54,agent,G3,5032145.92
54,agent,G4,5598416.09
54,agent,G5,26314213.53
54,agent,G6,46691294.02
54,agent,G7,12220768.08
54,agent,G8,5907338.28
54,agent,G9,34445124.37
54,firm,F0,112499273.63
54,firm,F1,36630512.13
54,firm,F2,86061621.86
54,firm,F3,76642605.08
54,firm,F4,97418690.46
54,firm,F5,69974818.60
54,firm,F6,106919485.25
54,firm,F7,42039749.72
54,firm,F8,43968079.63
54,firm,F9,101146973.93
55,agent,G0,1442165.47
55,agent,G1,1735538.97
55,agent,G2,29518729.02
55,agent,G3,5150435.31
55,agent,G4,5598416.09
55,agent,G5,26314213.53
55,agent,G6,46691294.02
55,agent,G7,12220768.08
55,agent,G8,5907338.28
55,agent,G9,34247597.41
55,firm,F0,112499273.63
55,firm,F1,36630512.13
55,firm,F2,86061621.86
55,firm,F3,76642605.08
55,firm,F4,97418690.46
55,firm,F5,69974818.60
55,firm,F6,106919485.25
55,firm,F7,42620555.29
55,firm,F8,43968079.63
55,firm,F9,101346489.87
56,agent,G0,1442165.47
56,agent,G1,-182424.03
56,agent,G2,29518729.02
56,agent,G3,22180837.93
56,agent,G4,6698678.52
56,agent,G5,26314213.53
56,agent,G6,26368661.43
56,agent,G7,12679660.59
56,agent,G8,5907338.28
56,agent,G9,34247597.41
56,firm,F0,112499273.63
56,firm,F1,39922742.10
56,firm,F2,86061621.86
56,firm,F3,76642605.08
56,firm,F4,97418690.46
56,firm,F5,69974818.60
56,firm,F6,106919485.25
56,firm,F7,42620555.29
56,firm,F8,43968079.63
56,firm,F9,103623260.92
57,agent,G0,1442165.47
57,agent,G1,-182424.03
57,agent,G2,16699158.37
57,agent,G3,22180837.93
57,agent,G4,6190912.77
57,agent,G5,26314213.53
57,agent,G6,26368661.43
57,agent,G7,23982838.91
57,agent,G8,3989375.28
57,agent,G9,38167445.31
57,firm,F0,114417236.63
57,firm,F1,39922742.10
57,firm,F2,86865459.97
57,firm,F3,76642605.08
57,firm,F4,97418690.46
57,firm,F5,69974818.60
57,firm,F6,108943643.34
57,firm,F7,42620555.29
57,firm,F8,43968079.63
57,firm,F9,103623260.92
58,agent,G0,1442165.47
58,agent,G1,-182424.03
58,agent,G2,16781890.46
58,agent,G3,22180837.93
58,agent,G4,19646597.48
58,agent,G5,26314213.53
58,agent,G6,26368661.43
58,agent,G7,24219456.61
58,agent,G8,3989375.28
58,agent,G9,21520710.85
58,firm,F0,114417236.63
58,firm,F1,39922742.10
58,firm,F2,86865459.97
58,firm,F3,76642605.08
58,firm,F4,97418690.46
58,firm,F5,69974818.60
58,firm,F6,108943643.34
58,firm,F7,42670146.59
58,firm,F8,46727592.29
58,firm,F9,103972065.92
59,agent,G0,1442165.47
59,agent,G1,-182424.03
59,agent,G2,16781890.46
59,agent,G3,23456829.34
59,agent,G4,27460115.37
59,agent,G5,26314213.53
59,agent,G6,25425030.47
59,agent,G7,24219456.61
59,agent,G8,4171270.24
59,agent,G9,12117660.06
59,firm,F0,114417236.63
59,firm,F1,39922742.10
59,firm,F2,86865459.97
59,firm,F3,76959930.66
59,firm,F4,98180426.46
59,firm,F5,69974818.60
59,firm,F6,108943643.34
59,firm,F7,44259679.48
59,firm,F8,46727592.29
59,firm,F9,103972065.92
60,agent,G0,1442165.47
60,agent,G1,-182424.03
60,agent,G2,16939963.73
60,agent,G3,23456829.34
60,agent,G4,15589877.58
60,agent,G5,26314213.53
60,agent,G6,25399916.22
60,agent,G7,24106628.61
60,agent,G8,14294238.99
60,agent,G9,12117660.06
60,firm,F0,114449360.36
60,firm,F1,41695125.39
60,firm,F2,86865459.97
60,firm,F3,76959930.66
60,firm,F4,98180426.46
60,firm,F5,69974818.60
60,firm,F6,108943643.34
60,firm,F7,44372507.48
60,firm,F8,46727592.29
60,firm,F9,103972065.92
61,agent,G0,1442165.47
61,agent,G1,-182424.03
61,agent,G2,17030160.13
61,agent,G3,23108024.34
61,agent,G4,15554219.36
61,agent,G5,26314213.53
61,agent,G6,23497551.65
61,agent,G7,24106628.61
61,agent,G8,14294238.99
61,agent,G9,12117660.06
61,firm,F0,114460660.18
61,firm,F1,41695125.39
61,firm,F2,88767824.55
61,firm,F3,77308735.66
61,firm,F4,98180426.46
61,firm,F5,69974818.60
61,firm,F6,108943643.34
61,firm,F7,44372507.48
61,firm,F8,46727592.29
61,firm,F9,103972065.92
62,agent,G0,1442165.47
62,agent,G1,-162593.79
62,agent,G2,17030160.13
62,agent,G3,23108024.34
62,agent,G4,15471879.27
62,agent,G5,26314213.53
62,agent,G6,23480897.08
62,agent,G7,24597568.43
62,agent,G8,14294238.99
62,agent,G9,12134162.16
62,firm,F0,114526498.18
62,firm,F1,41695125.39
62,firm,F2,88767824.55
62,firm,F3,77308735.66
62,firm,F4,98180426.46
62,firm,F5,70067931.79
62,firm,F6,108940467.68
62,firm,F7,44372507.48
62,firm,F8,46727592.29
62,firm,F9,103972065.92
63,agent,G0,1442165.47
63,agent,G1,4360595.82
63,agent,G2,6984484.44
63,agent,G3,23108024.34
63,agent,G4,15471879.27
63,agent,G5,27547104.91
63,agent,G6,23480897.08
63,agent,G7,24597568.43
63,agent,G8,14419365.73
63,agent,G9,10901270.79
63,firm,F0,119275468.44
63,firm,F1,41695125.39
63,firm,F2,88767824.55
63,firm,F3,77308735.66
63,firm,F4,98180426.46
63,firm,F5,70067931.79
63,firm,F6,108940467.68
63,firm,F7,45171307.56
63,firm,F8,46727592.29
63,firm,F9,103972065.92
64,agent,G0,1442165.47
64,agent,G1,4360595.82
64,agent,G2,6984484.44
64,agent,G3,23108024.34
64,agent,G4,15651641.71
64,agent,G5,15493225.76
64,agent,G6,23415059.08
64,agent,G7,34581373.20
64,agent,G8,14419365.73
64,agent,G9,10916834.90
64,firm,F0,119275468.44
64,firm,F1,41695125.39
64,firm,F2,88767824.55
64,firm,F3,77308735.66
64,firm,F4,98180426.46
64,firm,F5,70112384.23
64,firm,F6,109006305.68
64,firm,F7,45171307.56
64,firm,F8,48797666.66
64,firm,F9,103972065.92
65,agent,G0,1497300.19
65,agent,G1,4441623.06
65,agent,G2,6536726.58
65,agent,G3,23108024.34
65,agent,G4,15596506.99
65,agent,G5,15493225.76
65,agent,G6,23415059.08
65,agent,G7,34581373.20
65,agent,G8,14179586.73
65,agent,G9,10916834.90
65,firm,F0,119515247.44
65,firm,F1,41695125.39
65,firm,F2,88767824.55
65,firm,F3,77756493.52
65,firm,F4,98180426.46
65,firm,F5,70112384.23
65,firm,F6,109006305.68
65,firm,F7,45171307.56
65,firm,F8,48797666.66
65,firm,F9,103992216.67
66,agent,G0,1497300.19
66,agent,G1,1619515.17
66,agent,G2,6536726.58
66,agent,G3,23108024.34
66,agent,G4,16536296.53
66,agent,G5,16534988.52
66,agent,G6,23769773.79
66,agent,G7,34581373.20
66,agent,G8,14179586.73
66,agent,G9,10916834.90
66,firm,F0,119515247.44
66,firm,F1,41695125.39
66,firm,F2,88767824.55
66,firm,F3,77756493.52
66,firm,F4,98438783.20
66,firm,F5,70112384.23
66,firm,F6,109233789.81
66,firm,F7,45171307.56
66,firm,F8,48797666.66
66,firm,F9,105545077.67
67,agent,G0,1497300.19
67,agent,G1,1619515.17
67,agent,G2,6688817.85
67,agent,G3,23108024.34
67,agent,G4,18169219.86
67,agent,G5,16534988.52
67,agent,G6,13342456.37
67,agent,G7,34429281.94
67,agent,G8,22768088.35
67,agent,G9,10332781.90
67,firm,F0,119515247.44
67,firm,F1,41695125.39
67,firm,F2,89351877.55
67,firm,F3,77756493.52
67,firm,F4,100277599.01
67,firm,F5,70112384.23
67,firm,F6,109233789.81
67,firm,F7,45171307.56
67,firm,F8,48797666.66
67,firm,F9,105890483.35
68,agent,G0,1497300.19
68,agent,G1,921655.68
68,agent,G2,8071426.99
68,agent,G3,23108024.34
68,agent,G4,18086272.28
68,agent,G5,16534988.52
68,agent,G6,13342456.37
68,agent,G7,34429281.94
68,agent,G8,22768088.35
68,agent,G9,10947644.12
68,firm,F0,119515247.44
68,firm,F1,41695125.39
68,firm,F2,89351877.55
68,firm,F3,77756493.52
68,firm,F4,100277599.01
68,firm,F5,70178222.23
68,firm,F6,109333896.65
68,firm,F7,45171307.56
68,firm,F8,48797666.66
68,firm,F9,106200072.21
69,agent,G0,284618.09
69,agent,G1,921655.68
69,agent,G2,8071426.99
69,agent,G3,23108024.34
69,agent,G4,17687238.41
69,agent,G5,24739158.02
69,agent,G6,13741490.25
69,agent,G7,34429281.94
69,agent,G8,12757787.18
69,agent,G9,10947644.12
69,firm,F0,119515247.44
69,firm,F1,41695125.39
69,firm,F2,89351877.55
69,firm,F3,79562625.19
69,firm,F4,100277599.01
69,firm,F5,70178222.23
69,firm,F6,109333896.65
69,firm,F7,45171307.56
69,firm,F8,48797666.66
69,firm,F9,107822203.32
70,agent,G0,284618.09
70,agent,G1,921655.68
70,agent,G2,8071426.99
70,agent,G3,23108024.34
70,agent,G4,17606843.97
70,agent,G5,24739158.02
70,agent,G6,12783338.31
70,agent,G7,34429281.94
70,agent,G8,14816794.66
70,agent,G9,10962200.56
70,firm,F0,119515247.44
70,firm,F1,41695125.39
70,firm,F2,89351877.55
70,firm,F3,80520777.12
70,firm,F4,100343437.01
70,firm,F5,70639413.74
70,firm,F6,109333896.65
70,firm,F7,45171307.56
70,firm,F8,48797666.66
70,firm,F9,107822203.32
71,agent,G0,253529.32
71,agent,G1,974278.61
71,agent,G2,8071426.99
71,agent,G3,23108024.34
71,agent,G4,17525710.25
71,agent,G5,24739158.02
71,agent,G6,12783338.31
71,agent,G7,34429281.94
71,agent,G8,14816794.66
71,agent,G9,11003331.13
71,firm,F0,119581085.44
71,firm,F1,41695125.39
71,firm,F2,89351877.55
71,firm,F3,80520777.12
71,firm,F4,100343437.01
71,firm,F5,70639413.74
71,firm,F6,109346118.72
71,firm,F7,45176561.47
71,firm,F8,48797666.66
71,firm,F9,107822203.32
72,agent,G0,253529.32
72,agent,G1,974278.61
72,agent,G2,8071426.99
72,agent,G3,23108024.34
72,agent,G4,17525710.25
72,agent,G5,25415889.44
72,agent,G6,7179904.96
72,agent,G7,31909082.94
72,agent,G8,18763300.54
72,agent,G9,11107859.06
72,firm,F0,119581085.44
72,firm,F1,41695125.39
72,firm,F2,89351877.55
72,firm,F3,80541496.20
72,firm,F4,100343437.01
72,firm,F5,73159612.74
72,firm,F6,110326314.78
72,firm,F7,45176561.47
72,firm,F8,48797666.66
72,firm,F9,107822203.32
73,agent,G0,604328.64
73,agent,G1,542711.19
73,agent,G2,8071426.99
73,agent,G3,23108024.34
73,agent,G4,17460865.25
73,agent,G5,25452776.92
73,agent,G6,7179904.96
73,agent,G7,31909082.94
73,agent,G8,18763300.54
73,agent,G9,11122578.26
73,firm,F0,119581085.44
73,firm,F1,41695125.39
73,firm,F2,89351877.55
73,firm,F3,80541496.20
73,firm,F4,100352316.53
73,firm,F5,73159612.74
73,firm,F6,110326314.78
73,firm,F7,45176561.47
73,firm,F8,48863715.56
73,firm,F9,107887048.32
74,agent,G0,604328.64
74,agent,G1,3137750.60
74,agent,G2,9429305.45
74,agent,G3,23108024.34
74,agent,G4,17460865.25
74,agent,G5,25441164.47
74,agent,G6,4065174.94
74,agent,G7,31909082.94
74,agent,G8,18763300.54
74,agent,G9,11122578.26
74,firm,F0,119581085.44
74,firm,F1,41969478.93
74,firm,F2,89351877.55
74,firm,F3,80541496.20
74,firm,F4,100352316.53
74,firm,F5,73159612.74
74,firm,F6,110372081.78
74,firm,F7,45176561.47
74,firm,F8,48863715.56
74,firm,F9,108372584.38
75,agent,G0,604328.64
75,agent,G1,3137750.60
75,agent,G2,9429305.45
75,agent,G3,23108024.34
75,agent,G4,17460865.25
75,agent,G5,26047284.77
75,agent,G6,4065174.94
75,agent,G7,18772296.35
75,agent,G8,30247352.89
75,agent,G9,8602379.26
75,firm,F0,119581085.44
75,firm,F1,41969478.93
75,firm,F2,89351877.55
75,firm,F3,83061695.20
75,firm,F4,100352316.53
75,firm,F5,73469630.18
75,firm,F6,110372081.78
75,firm,F7,45176561.47
75,firm,F8,51411865.05
75,firm,F9,108372584.38
76,agent,G0,3737070.39
76,agent,G1,3137750.60
76,agent,G2,9887199.94
76,agent,G3,23108024.34
76,agent,G4,17460865.25
76,agent,G5,24235731.77
76,agent,G6,4065174.94
76,agent,G7,18585497.58
76,agent,G8,30247352.89
76,agent,G9,4853217.60
76,firm,F0,119581085.44
76,firm,F1,41969478.93
76,firm,F2,89351877.55
76,firm,F3,83061695.20
76,firm,F4,102163869.53
76,firm,F5,73469630.18
76,firm,F6,110372081.78
76,firm,F7,45848097.66
76,firm,F8,51411865.05
76,firm,F9,108372584.38
77,agent,G0,3737070.39
77,agent,G1,3137750.60
77,agent,G2,9887199.94
77,agent,G3,23108024.34
77,agent,G4,16332744.18
77,agent,G5,24800657.03
77,agent,G6,4065174.94
77,agent,G7,16121340.06
77,agent,G8,29682427.63
77,agent,G9,4853217.60
77,firm,F0,120709206.51
77,firm,F1,41969478.93
77,firm,F2,89351877.55
77,firm,F3,83061695.20
77,firm,F4,102163869.53
77,firm,F5,75989829.18
77,firm,F6,110372081.78
77,firm,F7,45848097.66
77,firm,F8,51411865.05
77,firm,F9,108386583.90
78,agent,G0,4900589.22
78,agent,G1,1773200.76
78,agent,G2,9887199.94
78,agent,G3,23108024.34
78,agent,G4,16332744.18
78,agent,G5,27373029.86
78,agent,G6,4065174.94
78,agent,G7,16103471.87
78,agent,G8,29682427.63
78,agent,G9,4853217.60
78,firm,F0,120709206.51
78,firm,F1,41969478.93
78,firm,F2,89351877.55
78,firm,F3,83061695.20
78,firm,F4,102163869.53
78,firm,F5,75989829.18
78,firm,F6,110372081.78
78,firm,F7,46674302.02
78,firm,F8,51411865.05
78,firm,F9,108386583.90
79,agent,G0,4900589.22
79,agent,G1,1893323.59
79,agent,G2,7367000.94
79,agent,G3,33673019.76
79,agent,G4,16332744.18
79,agent,G5,28003668.66
79,agent,G6,4065174.94
79,agent,G7,16103471.87
79,agent,G8,16375353.19
79,agent,G9,4853217.60
79,firm,F0,120709206.51
79,firm,F1,41969478.93
79,firm,F2,89351877.55
79,firm,F3,83061695.20
79,firm,F4,102163869.53
79,firm,F5,75989829.18
79,firm,F6,110372081.78
79,firm,F7,46674302.02
79,firm,F8,51411865.05
79,firm,F9,113041609.30
80,agent,G0,4900589.22
80,agent,G1,1893323.59
80,agent,G2,7367000.94
80,agent,G3,18932340.22
80,agent,G4,28530480.45
80,agent,G5,28003668.66
80,agent,G6,5265720.34
80,agent,G7,16019472.68
80,agent,G8,16049141.19
80,agent,G9,4853217.60
80,firm,F0,120709206.51
80,firm,F1,41969478.93
80,firm,F2,89351877.55
80,firm,F3,83061695.20
80,firm,F4,102163869.53
80,firm,F5,76316041.18
80,firm,F6,110642407.57
80,firm,F7,49217245.29
80,firm,F8,51411865.05
80,firm,F9,113041609.30
81,agent,G0,4900589.22
81,agent,G1,1773357.28
81,agent,G2,6960184.53
81,agent,G3,18932340.22
81,agent,G4,28530480.45
81,agent,G5,28003668.66
81,agent,G6,3633488.34
81,agent,G7,16019472.68
81,agent,G8,16455957.59
81,agent,G9,5127328.92
81,firm,F0,120709206.51
81,firm,F1,41969478.93
81,firm,F2,89351877.55
81,firm,F3,83061695.20
81,firm,F4,102283835.84
81,firm,F5,76316041.18
81,firm,F6,112274639.57
81,firm,F7,49281815.97
81,firm,F8,51411865.05
81,firm,F9,113041609.30
82,agent,G0,5545514.65
82,agent,G1,1002621.98
82,agent,G2,6960184.53
82,agent,G3,18932340.22
82,agent,G4,28530480.45
82,agent,G5,28003668.66
82,agent,G6,3706783.16
82,agent,G7,15619965.86
82,agent,G8,16455957.59
82,agent,G9,5775279.44
82,firm,F0,120826809.09
82,firm,F1,41969478.93
82,firm,F2,89351877.55
82,firm,F3,83061695.20
82,firm,F4,102283835.84
82,firm,F5,76316041.18
82,firm,F6,112397424.35
82,firm,F7,49608027.97
82,firm,F8,51411865.05
82,firm,F9,113041609.30
83,agent,G0,5564098.44
83,agent,G1,1002621.98
83,agent,G2,6960184.53
83,agent,G3,18932340.22
83,agent,G4,28530480.45
83,agent,G5,30134809.76
83,agent,G6,4398748.83
83,agent,G7,15601382.07
83,agent,G8,16455957.59
83,agent,G9,3286196.99
83,firm,F0,120826809.09
83,firm,F1,41969478.93
83,firm,F2,89351877.55
83,firm,F3,83061695.20
83,firm,F4,102283835.84
83,firm,F5,76316041.18
83,firm,F6,112397424.35
83,firm,F7,49608027.97
83,firm,F8,51990230.73
83,firm,F9,113041609.30
84,agent,G0,5352606.09
84,agent,G1,240093.98
84,agent,G2,6960184.53
84,agent,G3,18932340.22
84,agent,G4,16173038.78
84,agent,G5,40596251.36
84,agent,G6,4398748.83
84,agent,G7,15601382.07
84,agent,G8,16667449.93
84,agent,G9,3286196.99
84,firm,F0,120826809.09
84,firm,F1,41969478.93
84,firm,F2,89351877.55
84,firm,F3,83061695.20
84,firm,F4,102289419.41
84,firm,F5,76316041.18
84,firm,F6,114320929.86
84,firm,F7,49608027.97
84,firm,F8,51990230.73
84,firm,F9,113804137.30
85,agent,G0,5352606.09
85,agent,G1,318472.43
85,agent,G2,6960184.53
85,agent,G3,18932340.22
85,agent,G4,17500317.53
85,agent,G5,40596251.36
85,agent,G6,4398748.83
85,agent,G7,15601382.07
85,agent,G8,16667449.93
85,agent,G9,2057448.35
85,firm,F0,120826809.09
85,firm,F1,41969478.93
85,firm,F2,89351877.55
85,firm,F3,83061695.20
85,firm,F4,102775582.93
85,firm,F5,76316041.18
85,firm,F6,114320929.86
85,firm,F7,49608027.97
85,firm,F8,51990230.73
85,firm,F9,114070258.22
86,agent,G0,5154978.32
86,agent,G1,7225832.92
86,agent,G2,6960184.53
86,agent,G3,10693828.54
86,agent,G4,16737789.53
86,agent,G5,40596251.36
86,agent,G6,4398748.83
86,agent,G7,15601382.07
86,agent,G8,18631164.34
86,agent,G9,2057448.35
86,firm,F0,120826809.09
86,firm,F1,41969478.93
86,firm,F2,89351877.55
86,firm,F3,83444264.56
86,firm,F4,103538110.93
86,firm,F5,76316041.18
86,firm,F6,114320929.86
86,firm,F7,49608027.97
86,firm,F8,51990230.73
86,firm,F9,115401409.40
87,agent,G0,5154978.32
87,agent,G1,4058356.89
87,agent,G2,6557754.72
87,agent,G3,11314520.27
87,agent,G4,19350979.83
87,agent,G5,40596251.36
87,agent,G6,4398748.83
87,agent,G7,13969150.07
87,agent,G8,19033594.15
87,agent,G9,2057448.35
87,firm,F0,121381094.83
87,firm,F1,41969478.93
87,firm,F2,89351877.55
87,firm,F3,83444264.56
87,firm,F4,103538110.93
87,firm,F5,76316041.18
87,firm,F6,114435071.13
87,firm,F7,49608027.97
87,firm,F8,51990230.73
87,firm,F9,117033641.40
88,agent,G0,5154978.32
88,agent,G1,4058356.89
88,agent,G2,6218674.13
88,agent,G3,11505525.59
88,agent,G4,19350979.83
88,agent,G5,40596251.36
88,agent,G6,2476127.46
88,agent,G7,15565527.77
88,agent,G8,19033594.15
88,agent,G9,2057448.35
88,firm,F0,121381094.83
88,firm,F1,41969478.93
88,firm,F2,89678121.22
88,firm,F3,84446180.85
88,firm,F4,103538110.93
88,firm,F5,76316041.18
88,firm,F6,114435071.13
88,firm,F7,49608027.97
88,firm,F8,51990230.73
88,firm,F9,117033641.40
89,agent,G0,5154978.32
89,agent,G1,4058356.89
89,agent,G2,5859529.09
89,agent,G3,17967526.52
89,agent,G4,10030315.43
89,agent,G5,40596251.36
89,agent,G6,2476127.46
89,agent,G7,15565527.77
89,agent,G8,19392739.18
89,agent,G9,2057448.35
89,firm,F0,121381094.83
89,firm,F1,41969478.93
89,firm,F2,89678121.22
89,firm,F3,84446180.85
89,firm,F4,104887367.02
89,firm,F5,76316041.18
89,firm,F6,114435071.13
89,firm,F7,49608027.97
89,firm,F8,53649645.11
89,firm,F9,117033641.40
90,agent,G0,2901859.65
90,agent,G1,4058356.89
90,agent,G2,5447057.78
90,agent,G3,21344758.46
90,agent,G4,10030315.43
90,agent,G5,40596251.36
90,agent,G6,2476127.46
90,agent,G7,15565527.77
90,agent,G8,19805210.49
90,agent,G9,2296080.34
90,firm,F0,121381094.83
90,firm,F1,43183049.67
90,firm,F2,89678121.22
90,firm,F3,84446180.85
90,firm,F4,104887367.02
90,firm,F5,76316041.18
90,firm,F6,114435071.13
90,firm,F7,51240259.97
90,firm,F8,53649645.11
90,firm,F9,117033641.40
91,agent,G0,2699659.23
91,agent,G1,4058356.89
91,agent,G2,6285963.48
91,agent,G3,21344758.46
91,agent,G4,10030315.43
91,agent,G5,40104896.72
91,agent,G6,2476127.46
91,agent,G7,15565527.77
91,agent,G8,20007410.92
91,agent,G9,1298121.77
91,firm,F0,121381094.83
91,firm,F1,43183049.67
91,firm,F2,89678121.22
91,firm,F3,85270620.48
91,firm,F4,105046419.90
91,firm,F5,76316041.18
91,firm,F6,114435071.13
91,firm,F7,51240259.97
91,firm,F8,53649645.11
91,firm,F9,117033641.40
92,agent,G0,2699659.23
92,agent,G1,4058356.89
92,agent,G2,9582860.49
92,agent,G3,21344758.46
92,agent,G4,5656770.23
92,agent,G5,40104896.72
92,agent,G6,2476127.46
92,agent,G7,15565527.77
92,agent,G8,20007410.92
92,agent,G9,1571785.97
92,firm,F0,121461240.75
92,firm,F1,43649410.67
92,firm,F2,89678121.22
92,firm,F3,85270620.48
92,firm,F4,105046419.90
92,firm,F5,76316041.18
92,firm,F6,115157909.19
92,firm,F7,51240259.97
92,firm,F8,53649645.11
92,firm,F9,117033641.40
93,agent,G0,-1344799.77
93,agent,G1,4270347.58
93,agent,G2,9582860.49
93,agent,G3,20377814.45
93,agent,G4,5656770.23
93,agent,G5,41071840.74
93,agent,G6,2476127.46
93,agent,G7,15565527.77
93,agent,G8,20007410.92
93,agent,G9,1571785.97
93,firm,F0,125669788.75
93,firm,F1,43649410.67
93,firm,F2,89678121.22
93,firm,F3,85349572.04
93,firm,F4,105046419.90
93,firm,F5,76316041.18
93,firm,F6,115157909.19
93,firm,F7,51240259.97
93,firm,F8,53649645.11
93,firm,F9,117007241.14
94,agent,G0,-1344799.77
94,agent,G1,3991219.55
94,agent,G2,9582860.49
94,agent,G3,20377814.45
94,agent,G4,5656770.23
94,agent,G5,41071840.74
94,agent,G6,2476127.46
94,agent,G7,15565527.77
94,agent,G8,20007410.92
94,agent,G9,1571785.97
94,firm,F0,125669788.75
94,firm,F1,43649410.67
94,firm,F2,89678121.22
94,firm,F3,85349572.04
94,firm,F4,105046419.90
94,firm,F5,76316041.18
94,firm,F6,115157909.19
94,firm,F7,51240259.97
94,firm,F8,53928773.14
94,firm,F9,117007241.14
95,agent,G0,-1344799.77
95,agent,G1,3991219.55
95,agent,G2,9582860.49
95,agent,G3,20377814.45
95,agent,G4,5656770.23
95,agent,G5,41968355.90
95,agent,G6,1391740.65
95,agent,G7,15565527.77
95,agent,G8,20007410.92
95,agent,G9,1571785.97
95,firm,F0,125669788.75
95,firm,F1,43649410.67
95,firm,F2,89678121.22
95,firm,F3,85349572.04
95,firm,F4,105046419.90
95,firm,F5,76316041.18
95,firm,F6,115345780.84
95,firm,F7,51240259.97
95,firm,F8,53928773.14
95,firm,F9,117007241.14
96,agent,G0,-1344799.77
96,agent,G1,3874156.81
96,agent,G2,9582860.49
96,agent,G3,22885244.52
96,agent,G4,5656770.23
96,agent,G5,42547967.07
96,agent,G6,1508803.40
96,agent,G7,15565527.77
96,agent,G8,20007410.92
96,agent,G9,893968.37
96,firm,F0,125669788.75
96,firm,F1,44078041.67
96,firm,F2,89678121.22
96,firm,F3,85349572.04
96,firm,F4,105046419.90
96,firm,F5,76316041.18
96,firm,F6,115979377.76
96,firm,F7,51240259.97
96,firm,F8,53928773.14
96,firm,F9,117105447.56
97,agent,G0,-1163835.75
97,agent,G1,3874156.81
97,agent,G2,10408138.46
97,agent,G3,21969447.50
97,agent,G4,13023537.16
97,agent,G5,42547967.07
97,agent,G6,1508803.40
97,agent,G7,15565527.77
97,agent,G8,11368249.12
97,agent,G9,893968.37
97,firm,F0,125823281.78
97,firm,F1,44078041.67
97,firm,F2,90950516.07
97,firm,F3,85349572.04
97,firm,F4,105046419.90
97,firm,F5,76316041.18
97,firm,F6,116714210.76
97,firm,F7,51240259.97
97,firm,F8,53928773.14
97,firm,F9,117105447.56
98,agent,G0,-1163835.75
98,agent,G1,3335194.67
98,agent,G2,10408138.46
98,agent,G3,22208526.78
98,agent,G4,7373344.95
98,agent,G5,47316604.59
98,agent,G6,1619134.53
98,agent,G7,15565527.77
98,agent,G8,11368249.12
98,agent,G9,893968.37
98,firm,F0,125823281.78
98,firm,F1,44078041.67
98,firm,F2,91005414.79
98,firm,F3,86659757.75
98,firm,F4,105046419.90
98,firm,F5,76316041.18
98,firm,F6,116714210.76
98,firm,F7,51240259.97
98,firm,F8,53928773.14
98,firm,F9,117105447.56
99,agent,G0,-1163835.75
99,agent,G1,3335194.67
99,agent,G2,10408138.46
99,agent,G3,22208526.78
99,agent,G4,7373344.95
99,agent,G5,47316604.59
99,agent,G6,1619134.53
99,agent,G7,8795677.83
99,agent,G8,11368249.12
99,agent,G9,6576540.65
99,firm,F0,125823281.78
99,firm,F1,45165319.33
99,firm,F2,91005414.79
99,firm,F3,86659757.75
99,firm,F4,105046419.90
99,firm,F5,76316041.18
99,firm,F6,116714210.76
99,firm,F7,51240259.97
99,firm,F8,53928773.14
99,firm,F9,117105447.56
100,agent,G0,-1163835.75
100,agent,G1,3556950.03
100,agent,G2,5756812.91
100,agent,G3,22208526.78
100,agent,G4,7373344.95
100,agent,G5,47316604.59
100,agent,G6,1619134.53
100,agent,G7,9053779.32
100,agent,G8,10389478.12
100,agent,G9,10303346.16
100,firm,F0,125823281.78
100,firm,F1,45165319.33
100,firm,F2,91005414.79
100,firm,F3,87683875.38
100,firm,F4,105046419.90
100,firm,F5,76316041.18
100,firm,F6,116714210.76
100,firm,F7,51240259.97
100,firm,F8,53928773.14
100,firm,F9,117771866.11
101,agent,G0,-1038509.44
101,agent,G1,3556950.03
101,agent,G2,5756812.91
101,agent,G3,19908298.17
101,agent,G4,7373344.95
101,agent,G5,48673487.22
101,agent,G6,1619134.53
101,agent,G7,9053779.32
101,agent,G8,10282037.29
101,agent,G9,10303346.16
101,firm,F0,125823281.78
101,firm,F1,45165319.33
101,firm,F2,91005414.79
101,firm,F3,87683875.38
101,firm,F4,105046419.90
101,firm,F5,76298155.70
101,firm,F6,116714210.76
101,firm,F7,51240259.97
101,firm,F8,53928773.14
101,firm,F9,123819840.09
102,agent,G0,-1038509.44
102,agent,G1,2578179.03
102,agent,G2,5532293.19
102,agent,G3,19908298.17
102,agent,G4,7373344.95
102,agent,G5,52701322.64
102,agent,G6,1619134.53
102,agent,G7,6209134.35
102,agent,G8,10282037.29
102,agent,G9,10303346.16
102,firm,F0,126158379.14
102,firm,F1,45165319.33
102,firm,F2,91005414.79
102,firm,F3,88662646.38
102,firm,F4,105046419.90
102,firm,F5,76298155.70
102,firm,F6,116714210.76
102,firm,F7,51909784.89
102,firm,F8,53928773.14
102,firm,F9,123819840.09
103,agent,G0,-1038509.44
103,agent,G1,2578179.03
103,agent,G2,6569820.09
103,agent,G3,18906672.90
103,agent,G4,7373344.95
103,agent,G5,52701322.64
103,agent,G6,1619134.53
103,agent,G7,6209134.35
103,agent,G8,10282037.29
103,agent,G9,8551649.16
103,firm,F0,128218319.83
103,firm,F1,45165319.33
103,firm,F2,91005414.79
103,firm,F3,88662646.38
103,firm,F4,105046419.90
103,firm,F5,76298155.70
103,firm,F6,116714210.76
103,firm,F7,53317336.57
103,firm,F8,53928773.14
103,firm,F9,123819840.09
104,agent,G0,-1038509.44
104,agent,G1,2578179.03
104,agent,G2,5326199.35
104,agent,G3,21846046.94
104,agent,G4,7373344.95
104,agent,G5,52701322.64
104,agent,G6,1619134.53
104,agent,G7,3681889.83
104,agent,G8,10282037.29
104,agent,G9,8551649.16
104,firm,F0,129197090.83
104,firm,F1,45165319.33
104,firm,F2,91005414.79
104,firm,F3,88662646.38
104,firm,F4,105046419.90
104,firm,F5,76298155.70
104,firm,F6,117237820.98
104,firm,F7,53317336.57
104,firm,F8,53928773.14
104,firm,F9,123819840.09
105,agent,G0,-1038509.44
105,agent,G1,2578179.03
105,agent,G2,4930661.55
105,agent,G3,20489887.75
105,agent,G4,7373344.95
105,agent,G5,52701322.64
105,agent,G6,1736015.36
105,agent,G7,3681889.83
105,agent,G8,10282037.29
105,agent,G9,8030273.94
105,firm,F0,129197090.83
105,firm,F1,45189050.51
105,firm,F2,92757111.79
105,firm,F3,88662646.38
105,firm,F4,105046419.90
105,firm,F5,76298155.70
105,firm,F6,117237820.98
105,firm,F7,53838711.79
105,firm,F8,53928773.14
105,firm,F9,123819840.09
106,agent,G0,-1038509.44
106,agent,G1,2580897.53
106,agent,G2,2781768.51
106,agent,G3,20489887.75
106,agent,G4,7373344.95
106,agent,G5,52701322.64
106,agent,G6,3521533.56
106,agent,G7,3687645.71
106,agent,G8,10282037.29
106,agent,G9,8030273.94
106,firm,F0,129197090.83
106,firm,F1,45199168.51
106,firm,F2,92757111.79
106,firm,F3,88662646.38
106,firm,F4,105048063.53
106,firm,F5,76298155.70
106,firm,F6,117237820.98
106,firm,F7,54191968.62
106,firm,F8,53928773.14
106,firm,F9,123819840.09
107,agent,G0,6338414.50
107,agent,G1,2580897.53
107,agent,G2,2781768.51
107,agent,G3,11474901.49
107,agent,G4,7373344.95
107,agent,G5,52701322.64
107,agent,G6,3521533.56
107,agent,G7,3687645.71
107,agent,G8,10282037.29
107,agent,G9,8030273.94
107,firm,F0,129197090.83
107,firm,F1,45199168.51
107,firm,F2,92757111.79
107,firm,F3,90300708.71
107,firm,F4,105048063.53
107,firm,F5,76298155.70
107,firm,F6,117237820.98
107,firm,F7,54191968.62
107,firm,F8,53928773.14
107,firm,F9,123819840.09
108,agent,G0,6338414.50
108,agent,G1,2580897.53
108,agent,G2,1943746.68
108,agent,G3,11312246.31
108,agent,G4,7536000.13
108,agent,G5,52701322.64
108,agent,G6,3521533.56
108,agent,G7,4619568.03
108,agent,G8,10282037.29
108,agent,G9,8030273.94
108,firm,F0,129867980.83
108,firm,F1,45199168.51
108,firm,F2,92757111.79
108,firm,F3,90300708.71
108,firm,F4,105242704.21
108,firm,F5,76298155.70
108,firm,F6,117237820.98
108,firm,F7,54191968.62
108,firm,F8,54095904.98
108,firm,F9,123819840.09
109,agent,G0,6338414.50
109,agent,G1,2583454.80
109,agent,G2,1943746.68
109,agent,G3,12073664.51
109,agent,G4,4259503.32
109,agent,G5,55453625.93
109,agent,G6,3521533.56
109,agent,G7,4617010.75
109,agent,G8,10282037.29
109,agent,G9,8030273.94
109,firm,F0,129867980.83
109,firm,F1,45199168.51
109,firm,F2,92757111.79
109,firm,F3,90300708.71
109,firm,F4,105393631.01
109,firm,F5,76298155.70
109,firm,F6,117247938.98
109,firm,F7,54191968.62
109,firm,F8,54095904.98
109,firm,F9,124344033.59
110,agent,G0,6338414.50
110,agent,G1,1450427.57
110,agent,G2,1943746.68
110,agent,G3,13007401.11
110,agent,G4,4259503.32
110,agent,G5,55739608.66
110,agent,G6,3521533.56
110,agent,G7,3596730.59
110,agent,G8,10282037.29
110,agent,G9,8030273.94
110,firm,F0,130067271.45
110,firm,F1,45199168.51
110,firm,F2,92757111.79
110,firm,F3,90300708.71
110,firm,F4,106612595.45
110,firm,F5,76298155.70
110,firm,F6,117247938.98
110,firm,F7,54191968.62
110,firm,F8,54095904.98
110,firm,F9,124344033.59
111,agent,G0,6338414.50
111,agent,G1,1450427.57
111,agent,G2,1943746.68
111,agent,G3,12855950.76
111,agent,G4,4410953.68
111,agent,G5,55739608.66
111,agent,G6,3521533.56
111,agent,G7,1664259.86
111,agent,G8,11361129.03
111,agent,G9,9967100.37
111,firm,F0,130920650.44
111,firm,F1,45199168.51
111,firm,F2,92757111.79
111,firm,F3,90300708.71
111,firm,F4,106612595.45
111,firm,F5,76298155.70
111,firm,F6,117660442.55
111,firm,F7,54191968.62
111,firm,F8,54095904.98
111,firm,F9,124344033.59
112,agent,G0,3756576.33
112,agent,G1,1450427.57
112,agent,G2,1943746.68
112,agent,G3,14114383.74
112,agent,G4,4410953.68
112,agent,G5,55739608.66
112,agent,G6,3521533.56
112,agent,G7,1664259.86
112,agent,G8,11909745.74
112,agent,G9,9967100.37
112,firm,F0,131321592.63
112,firm,F1,45199168.51
112,firm,F2,92757111.79
112,firm,F3,90300708.71
112,firm,F4,106612595.45
112,firm,F5,76298155.70
112,firm,F6,118704800.83
112,firm,F7,54191968.62
112,firm,F8,54095904.98
112,firm,F9,124344033.59
113,agent,G0,3756576.33
113,agent,G1,1544963.68
113,agent,G2,1943746.68
113,agent,G3,14114383.74
113,agent,G4,4410953.68
113,agent,G5,55739608.66
113,agent,G6,3521533.56
113,agent,G7,1496901.86
113,agent,G8,10969149.77
113,agent,G9,10008092.44
113,firm,F0,131321592.63
113,firm,F1,46139764.48
113,firm,F2,92757111.79
113,firm,F3,90332538.53
113,firm,F4,106779953.45
113,firm,F5,76298155.70
113,firm,F6,118704800.83
113,firm,F7,54191968.62
113,firm,F8,54095904.98
113,firm,F9,124344033.59
114,agent,G0,3756576.33
114,agent,G1,1332175.39
114,agent,G2,1943746.68
114,agent,G3,14114383.74
114,agent,G4,4264139.51
114,agent,G5,55739608.66
114,agent,G6,3521533.56
114,agent,G7,1496901.86
114,agent,G8,10969149.77
114,agent,G9,10053522.72
114,firm,F0,131321592.63
114,firm,F1,46139764.48
114,firm,F2,92757111.79
114,firm,F3,90499896.53
114,firm,F4,106779953.45
114,firm,F5,76298155.70
114,firm,F6,118704800.83
114,firm,F7,54191968.62
114,firm,F8,54141600.56
114,firm,F9,124681812.18
115,agent,G0,3756576.33
115,agent,G1,1332175.39
115,agent,G2,1806254.56
115,agent,G3,14114383.74
115,agent,G4,4264139.51
115,agent,G5,55739608.66
115,agent,G6,4304267.50
115,agent,G7,112065.86
115,agent,G8,11312547.80
115,agent,G9,10053522.72
115,firm,F0,131321592.63
115,firm,F1,46139764.48
115,firm,F2,92757111.79
115,firm,F3,90499896.53
115,firm,F4,108164789.45
115,firm,F5,76435647.81
115,firm,F6,118963504.87
115,firm,F7,54191968.62
115,firm,F8,54141600.56
115,firm,F9,124681812.18
116,agent,G0,3756576.33
116,agent,G1,1332175.39
116,agent,G2,1803639.40
116,agent,G3,18230314.74
116,agent,G4,4264139.51
116,agent,G5,55739608.66
116,agent,G6,4304267.50
116,agent,G7,112065.86
116,agent,G8,6378440.57
116,agent,G9,10055018.82
116,firm,F0,131321592.63
116,firm,F1,46146664.55
116,firm,F2,92757111.79
116,firm,F3,90499896.53
116,firm,F4,108164789.45
116,firm,F5,76435647.81
116,firm,F6,118963504.87
116,firm,F7,55010144.85
116,firm,F8,54141600.56
116,firm,F9,124681812.18
117,agent,G0,3975897.18
117,agent,G1,749399.35
117,agent,G2,1803639.40
117,agent,G3,18010993.89
117,agent,G4,3341676.51
117,agent,G5,55739608.66
117,agent,G6,4304267.50
117,agent,G7,139286.80
117,agent,G8,6378440.57
117,agent,G9,10537983.09
117,firm,F0,131321592.63
117,firm,F1,46146664.55
117,firm,F2,92757111.79
117,firm,F3,90499896.53
117,firm,F4,108170694.52
117,firm,F5,76435647.81
117,firm,F6,118963504.87
117,firm,F7,55109956.63
117,firm,F8,55064063.56
117,firm,F9,124681812.18
118,agent,G0,4199624.18
118,agent,G1,749399.35
118,agent,G2,1803639.40
118,agent,G3,16864803.89
118,agent,G4,3341676.51
118,agent,G5,56112061.67
118,agent,G6,2447198.46
118,agent,G7,1725631.76
118,agent,G8,6378440.57
118,agent,G9,10537983.09
118,firm,F0,131321592.63
118,firm,F1,46146664.55
118,firm,F2,92757111.79
118,firm,F3,90499896.53
118,firm,F4,109169934.51
118,firm,F5,76706371.90
118,firm,F6,118963504.87
118,firm,F7,55109956.63
118,firm,F8,55064063.56
118,firm,F9,124681812.18
119,agent,G0,4199624.18
119,agent,G1,749399.35
119,agent,G2,1803639.40
119,agent,G3,18093264.65
119,agent,G4,1904110.02
119,agent,G5,56112061.67
119,agent,G6,2462334.94
119,agent,G7,1725631.76
119,agent,G8,6314897.57
119,agent,G9,10537983.09
119,firm,F0,131321592.63
119,firm,F1,46146664.55
119,firm,F2,92757111.79
119,firm,F3,90499896.53
119,firm,F4,109169934.51
119,firm,F5,76963884.16
119,firm,F6,119027047.87
119,firm,F7,55109956.63
119,firm,F8,55064063.56
119,firm,F9,124681812.18
120,agent,G0,4199624.18
120,agent,G1,749399.35
120,agent,G2,1803639.40
120,agent,G3,18101291.02
120,agent,G4,1904110.02
120,agent,G5,56112061.67
120,agent,G6,2462334.94
120,agent,G7,970907.82
120,agent,G8,6303316.73
120,agent,G9,11165369.83
120,firm,F0,131321592.63
120,firm,F1,46146664.55
120,firm,F2,92757111.79
120,firm,F3,90499896.53
120,firm,F4,109169934.51
120,firm,F5,77001147.99
120,firm,F6,119027047.87
120,firm,F7,55229267.45
120,firm,F8,55064063.56
120,firm,F9,124681812.18
121,agent,G0,4199624.18
121,agent,G1,749399.35
121,agent,G2,1803639.40
121,agent,G3,18101291.02
121,agent,G4,1982724.62
121,agent,G5,58326881.68
121,agent,G6,2123423.36
121,agent,G7,970907.82
121,agent,G8,3585801.78
121,agent,G9,11165369.83
121,firm,F0,131337915.03
121,firm,F1,46539041.06
121,firm,F2,92757111.79
121,firm,F3,90499896.53
121,firm,F4,109169934.51
121,firm,F5,77001147.99
121,firm,F6,119476277.87
121,firm,F7,55229267.45
121,firm,F8,55064063.56
121,firm,F9,124681812.18
122,agent,G0,4199624.18
122,agent,G1,1334607.83
122,agent,G2,1803639.40
122,agent,G3,18108699.71
122,agent,G4,1949598.62
122,agent,G5,58326881.68
122,agent,G6,2123423.36
122,agent,G7,543638.92
122,agent,G8,3585801.78
122,agent,G9,11165369.83
122,firm,F0,131371041.03
122,firm,F1,46539041.06
122,firm,F2,92757111.79
122,firm,F3,90499896.53
122,firm,F4,109238855.62
122,firm,F5,77058237.60
122,firm,F6,119476277.87
122,firm,F7,55229267.45
122,firm,F8,55064063.56
122,firm,F9,124681812.18
123,agent,G0,4199624.18
123,agent,G1,1334607.83
123,agent,G2,2505887.81
123,agent,G3,18688976.65
123,agent,G4,1092168.14
123,agent,G5,58326881.68
123,agent,G6,2123423.36
123,agent,G7,-1805691.08
123,agent,G8,3585801.78
123,agent,G9,10628012.88
123,firm,F0,131371041.03
123,firm,F1,46539041.06
123,firm,F2,92757111.79
123,firm,F3,90499896.53
123,firm,F4,111588185.62
123,firm,F5,77213419.67
123,firm,F6,119486190.89
123,firm,F7,55229267.45
123,firm,F8,55064063.56
123,firm,F9,124681812.18
124,agent,G0,4637365.48
124,agent,G1,-1014722.17
124,agent,G2,2505887.81
124,agent,G3,19251198.34
124,agent,G4,1092168.14
124,agent,G5,58162993.08
124,agent,G6,2123423.36
124,agent,G7,-1608441.46
124,agent,G8,3585801.78
124,agent,G9,10065791.18
124,firm,F0,131371041.03
124,firm,F1,46539041.06
124,firm,F2,92757111.79
124,firm,F3,90499896.53
124,firm,F4,111588185.62
124,firm,F5,79562749.67
124,firm,F6,119452829.87
124,firm,F7,55312432.15
124,firm,F8,55064063.56
124,firm,F9,124681812.18
125,agent,G0,8111906.38
125,agent,G1,-1014722.17
125,agent,G2,2505887.81
125,agent,G3,19862347.20
125,agent,G4,1092168.14
125,agent,G5,56277233.56
125,agent,G6,2123423.36
125,agent,G7,-1608441.46
125,agent,G8,3585801.78
125,agent,G9,5365469.37
125,firm,F0,131985673.08
125,firm,F1,46539041.06
125,firm,F2,92757111.79
125,firm,F3,90499896.53
125,firm,F4,111588185.62
125,firm,F5,79562749.67
125,firm,F6,119452829.87
125,firm,F7,57755194.67
125,firm,F8,55064063.56
125,firm,F9,124681812.18
126,agent,G0,7980500.81
126,agent,G1,-1014722.17
126,agent,G2,1290465.00
126,agent,G3,19862347.20
126,agent,G4,1092168.14
126,agent,G5,57239826.22
126,agent,G6,2123423.36
126,agent,G7,-1608441.46
126,agent,G8,3585801.78
126,agent,G9,5365469.37
126,firm,F0,131985673.08
126,firm,F1,47129440.28
126,firm,F2,92757111.79
126,firm,F3,90499896.53
126,firm,F4,111588185.62
126,firm,F5,79562749.67
126,firm,F6,119627567.37
126,firm,F7,57755194.67
126,firm,F8,55064063.56
126,firm,F9,124681812.18
127,agent,G0,830262.18
127,agent,G1,-1014722.17
127,agent,G2,1290465.00
127,agent,G3,24648306.84
127,agent,G4,1092168.14
127,agent,G5,58982496.52
127,agent,G6,1192478.04
127,agent,G7,-1608441.46
127,agent,G8,3585801.78
127,agent,G9,5365469.37
127,firm,F0,133375075.14
127,firm,F1,47129440.28
127,firm,F2,92757111.79
127,firm,F3,90499896.53
127,firm,F4,111588185.62
127,firm,F5,79562749.67
127,firm,F6,119627567.37
127,firm,F7,65836378.62
127,firm,F8,55064063.56
127,firm,F9,124681812.18
128,agent,G0,830262.18
128,agent,G1,-1014722.17
128,agent,G2,1290465.00
128,agent,G3,24648306.84
128,agent,G4,1104729.60
128,agent,G5,59114382.87
128,agent,G6,1192478.04
128,agent,G7,-1608441.46
128,agent,G8,3332057.43
128,agent,G9,5352907.90
128,firm,F0,133375075.14
128,firm,F1,47219214.92
128,firm,F2,92757111.79
128,firm,F3,90499896.53
128,firm,F4,111588185.62
128,firm,F5,79816494.02
128,firm,F6,119627567.37
128,firm,F7,65836378.62
128,firm,F8,55064063.56
128,firm,F9,124681812.18
129,agent,G0,830262.18
129,agent,G1,-904390.45
129,agent,G2,1197852.28
129,agent,G3,24648306.84
129,agent,G4,1104729.60
129,agent,G5,59114382.87
129,agent,G6,1192478.04
129,agent,G7,-1608441.46
129,agent,G8,3332057.43
129,agent,G9,5352907.90
129,firm,F0,133375075.14
129,firm,F1,47201495.93
129,firm,F2,92757111.79
129,firm,F3,90499896.53
129,firm,F4,111588185.62
129,firm,F5,79816494.02
129,firm,F6,119627567.37
129,firm,F7,65836378.62
129,firm,F8,55064063.56
129,firm,F9,124681812.18
130,agent,G0,830262.18
130,agent,G1,-904390.45
130,agent,G2,1197852.28
130,agent,G3,23060344.43
130,agent,G4,1104729.60
130,agent,G5,62919665.26
130,agent,G6,1242499.37
130,agent,G7,-1608441.46
130,agent,G8,3332057.43
130,agent,G9,5352907.90
130,firm,F0,133375075.14
130,firm,F1,47201495.93
130,firm,F2,92757111.79
130,firm,F3,91463103.82
130,firm,F4,111588185.62
130,firm,F5,79816494.02
130,firm,F6,121215529.78
130,firm,F7,65836378.62
130,firm,F8,55064063.56
130,firm,F9,124681812.18
131,agent,G0,830262.18
131,agent,G1,-806403.63
131,agent,G2,1197852.28
131,agent,G3,23679229.87
131,agent,G4,-1244600.40
131,agent,G5,62919665.26
131,agent,G6,1159608.10
131,agent,G7,-1608441.46
131,agent,G8,3414117.73
131,agent,G9,4734022.46
131,firm,F0,135724405.14
131,firm,F1,47220304.62
131,firm,F2,92757111.79
131,firm,F3,91448008.26
131,firm,F4,111588185.62
131,firm,F5,79816494.02
131,firm,F6,121215529.78
131,firm,F7,65836378.62
131,firm,F8,55064063.56
131,firm,F9,124681812.18
132,agent,G0,830262.18
132,agent,G1,-806403.63
132,agent,G2,2937697.53
132,agent,G3,23679229.87
132,agent,G4,-1244600.40
132,agent,G5,62919665.26
132,agent,G6,1159608.10
132,agent,G7,-1608441.46
132,agent,G8,3414117.73
132,agent,G9,2686649.74
132,firm,F0,135724405.14
132,firm,F1,47220304.62
132,firm,F2,92757111.79
132,firm,F3,91448008.26
132,firm,F4,111588185.62
132,firm,F5,79816494.02
132,firm,F6,121215529.78
132,firm,F7,65836378.62
132,firm,F8,55371591.03
132,firm,F9,124681812.18
133,agent,G0,854768.82
133,agent,G1,-719678.80
133,agent,G2,2937697.53
133,agent,G3,23679229.87
133,agent,G4,-1319156.30
133,agent,G5,62919665.26
133,agent,G6,1159608.10
133,agent,G7,-1608441.46
133,agent,G8,4043006.51
133,agent,G9,2686649.74
133,firm,F0,135724405.14
133,firm,F1,47220304.62
133,firm,F2,92757111.79
133,firm,F3,91435839.33
133,firm,F4,111588185.62
133,firm,F5,79816494.02
133,firm,F6,121482067.35
133,firm,F7,65836378.62
133,firm,F8,55371591.03
133,firm,F9,124681812.18
134,agent,G0,854768.82
134,agent,G1,-719678.80
134,agent,G2,2937697.53
134,agent,G3,23679229.87
134,agent,G4,-1319156.30
134,agent,G5,35484455.22
134,agent,G6,1159608.10
134,agent,G7,-1608441.46
134,agent,G8,4043006.51
134,agent,G9,25587171.91
134,firm,F0,135724405.14
134,firm,F1,47220304.62
134,firm,F2,92757111.79
134,firm,F3,91435839.33
134,firm,F4,116122873.50
134,firm,F5,79816494.02
134,firm,F6,121482067.35
134,firm,F7,65836378.62
134,firm,F8,55371591.03
134,firm,F9,124681812.18
135,agent,G0,854768.82
135,agent,G1,-719678.80
135,agent,G2,2937697.53
135,agent,G3,23679229.87
135,agent,G4,-1319156.30
135,agent,G5,35484455.22
135,agent,G6,1159608.10
135,agent,G7,-1583680.17
135,agent,G8,4043006.51
135,agent,G9,25587171.91
135,firm,F0,135724405.14
135,firm,F1,47220304.62
135,firm,F2,92757111.79
135,firm,F3,91435839.33
135,firm,F4,116122873.50
135,firm,F5,79816494.02
135,firm,F6,121482067.35
135,firm,F7,65836378.62
135,firm,F8,55371591.03
135,firm,F9,124657050.89
136,agent,G0,854768.82
136,agent,G1,-719678.80
136,agent,G2,2937697.53
136,agent,G3,23679229.87
136,agent,G4,-1319156.30
136,agent,G5,35112665.07
136,agent,G6,1159608.10
136,agent,G7,-1583680.17
136,agent,G8,4043006.51
136,agent,G9,22922110.48
136,firm,F0,135724405.14
136,firm,F1,47220304.62
136,firm,F2,92757111.79
136,firm,F3,91435839.33
136,firm,F4,116122873.50
136,firm,F5,79816494.02
136,firm,F6,124900981.35
136,firm,F7,65836378.62
136,firm,F8,55371591.03
136,firm,F9,127693902.46
137,agent,G0,854768.82
137,agent,G1,-719678.80
137,agent,G2,2937697.53
137,agent,G3,23527970.74
137,agent,G4,-1319156.30
137,agent,G5,34966593.08
137,agent,G6,1159608.10
137,agent,G7,-1413016.13
137,agent,G8,4137440.91
137,agent,G9,22922110.48
137,firm,F0,136062023.14
137,firm,F1,47195712.56
137,firm,F2,92757111.79
137,firm,F3,91435839.33
137,firm,F4,116122873.50
137,firm,F5,79816494.02
137,firm,F6,124900981.35
137,firm,F7,65836378.62
137,firm,F8,55428415.77
137,firm,F9,127693902.46
138,agent,G0,854768.82
138,agent,G1,-719678.80
138,agent,G2,2937697.53
138,agent,G3,23527970.74
138,agent,G4,-1319156.30
138,agent,G5,34966593.08
138,agent,G6,1159608.10
138,agent,G7,104586.93
138,agent,G8,2345091.24
138,agent,G9,22922110.48
138,firm,F0,136062023.14
138,firm,F1,47195712.56
138,firm,F2,92757111.79
138,firm,F3,91435839.33
138,firm,F4,116122873.50
138,firm,F5,79816494.02
138,firm,F6,125175727.97
138,firm,F7,65836378.62
138,firm,F8,55428415.77
138,firm,F9,127693902.46
139,agent,G0,854768.82
139,agent,G1,-719678.80
139,agent,G2,2937697.53
139,agent,G3,23447122.06
139,agent,G4,-1319156.30
139,agent,G5,19796474.95
139,agent,G6,1159608.10
139,agent,G7,104586.93
139,agent,G8,14983552.26
139,agent,G9,22922110.48
139,firm,F0,136062023.14
139,firm,F1,49562674.37
139,firm,F2,92757111.79
139,firm,F3,91435839.33
139,firm,F4,116122873.50
139,firm,F5,79816494.02
139,firm,F6,125175727.97
139,firm,F7,66192861.61
139,firm,F8,55428415.77
139,firm,F9,127693902.46
140,agent,G0,854768.82
140,agent,G1,-719678.80
140,agent,G2,2937697.53
140,agent,G3,24063370.53
140,agent,G4,-1319156.30
140,agent,G5,17447144.95
140,agent,G6,1169178.20
140,agent,G7,93239.64
140,agent,G8,17667778.24
140,agent,G9,22305862.01
140,firm,F0,136062023.14
140,firm,F1,51912004.37
140,firm,F2,93301777.81
140,firm,F3,91437616.51
140,firm,F4,116122873.50
140,firm,F5,79816494.02
140,firm,F6,125175727.97
140,firm,F7,66192861.61
140,firm,F8,55428415.77
140,firm,F9,127693902.46
141,agent,G0,854768.82
141,agent,G1,8019282.99
141,agent,G2,2937697.53
141,agent,G3,13551635.89
141,agent,G4,-1319156.30
141,agent,G5,17447144.95
141,agent,G6,1169178.20
141,agent,G7,93239.64
141,agent,G8,17667778.24
141,agent,G9,22305862.01
141,firm,F0,136062023.14
141,firm,F1,51912004.37
141,firm,F2,95074550.66
141,firm,F3,91437616.51
141,firm,F4,116122873.50
141,firm,F5,79816494.02
141,firm,F6,125175727.97
141,firm,F7,66192861.61
141,firm,F8,55428415.77
141,firm,F9,127693902.46
142,agent,G0,854768.82
142,agent,G1,8019282.99
142,agent,G2,2744331.82
142,agent,G3,13551635.89
142,agent,G4,-1319156.30
142,agent,G5,17447144.95
142,agent,G6,1169178.20
142,agent,G7,93239.64
142,agent,G8,17667778.24
142,agent,G9,22305862.01
142,firm,F0,136062023.14
142,firm,F1,51912004.37
142,firm,F2,95074550.66
142,firm,F3,91437616.51
142,firm,F4,116122873.50
142,firm,F5,79816494.02
142,firm,F6,125369093.68
142,firm,F7,66192861.61
142,firm,F8,55428415.77
142,firm,F9,127693902.46
143,agent,G0,854768.82
143,agent,G1,8019282.99
143,agent,G2,2744331.82
143,agent,G3,7687732.68
143,agent,G4,-1319156.30
143,agent,G5,22424550.45
143,agent,G6,1169178.20
143,agent,G7,93239.64
143,agent,G8,17667778.24
143,agent,G9,22305862.01
143,firm,F0,136062023.14
143,firm,F1,51912004.37
143,firm,F2,95074550.66
143,firm,F3,91437616.51
143,firm,F4,116122873.50
143,firm,F5,79816494.02
143,firm,F6,125369093.68
143,firm,F7,67079359.32
143,firm,F8,55428415.77
143,firm,F9,127693902.46
144,agent,G0,875943.85
144,agent,G1,8019282.99
144,agent,G2,2744331.82
144,agent,G3,7687732.68
144,agent,G4,-1319156.30
144,agent,G5,12723828.17
144,agent,G6,1169178.20
144,agent,G7,8349578.92
144,agent,G8,17667778.24
144,agent,G9,22358577.82
144,firm,F0,136062023.14
144,firm,F1,51912004.37
144,firm,F2,96431827.67
144,firm,F3,91437616.51
144,firm,F4,116122873.50
144,firm,F5,79816494.02
144,firm,F6,125369093.68
144,firm,F7,67092574.48
144,firm,F8,55428415.77
144,firm,F9,127781008.46
145,agent,G0,494918.24
145,agent,G1,8019282.99
145,agent,G2,2744331.82
145,agent,G3,4458840.68
145,agent,G4,-1319156.30
145,agent,G5,13460971.38
145,agent,G6,1488907.68
145,agent,G7,8349578.92
145,agent,G8,16930635.02
145,agent,G9,23284798.37
145,firm,F0,136256485.60
145,firm,F1,51912004.37
145,firm,F2,96431827.67
145,firm,F3,91437616.51
145,firm,F4,116122873.50
145,firm,F5,79816494.02
145,firm,F6,125430389.81
145,firm,F7,67092574.48
145,firm,F8,58657307.77
145,firm,F9,127781008.46
146,agent,G0,494918.24
146,agent,G1,9026610.22
146,agent,G2,1556193.60
146,agent,G3,4458840.68
146,agent,G4,-1319156.30
146,agent,G5,13460971.38
146,agent,G6,1488907.68
146,agent,G7,8349578.92
146,agent,G8,16930635.02
146,agent,G9,23284798.37
146,firm,F0,136256485.60
146,firm,F1,51912004.37
146,firm,F2,96431827.67
146,firm,F3,91437616.51
146,firm,F4,116122873.50
146,firm,F5,79816494.02
146,firm,F6,125611200.81
146,firm,F7,67092574.48
146,firm,F8,58657307.77
146,firm,F9,127781008.46
147,agent,G0,494918.24
147,agent,G1,5293690.07
147,agent,G2,1556193.60
147,agent,G3,4458840.68
147,agent,G4,-1319156.30
147,agent,G5,16888839.48
147,agent,G6,1542843.37
147,agent,G7,8349578.92
147,agent,G8,16930635.02
147,agent,G9,21861615.72
147,firm,F0,136256485.60
147,firm,F1,51912004.37
147,firm,F2,96431827.67
147,firm,F3,92045168.21
147,firm,F4,116122873.50
147,firm,F5,79816494.02
147,firm,F6,125611200.81
147,firm,F7,68213257.48
147,firm,F8,58668038.08
147,firm,F9,127781008.46
148,agent,G0,2500101.75
148,agent,G1,3115075.43
148,agent,G2,1929216.02
148,agent,G3,4458840.68
148,agent,G4,-1319156.30
148,agent,G5,16888839.48
148,agent,G6,1542843.37
148,agent,G7,8349578.92
148,agent,G8,16930635.02
148,agent,G9,20485163.15
148,firm,F0,136256485.60
148,firm,F1,52341205.08
148,firm,F2,96431827.67
148,firm,F3,92045168.21
148,firm,F4,116213510.07
148,firm,F5,79816494.02
148,firm,F6,126731883.81
148,firm,F7,68213257.48
148,firm,F8,58668038.08
148,firm,F9,127781008.46
149,agent,G0,2500101.75
149,agent,G1,3115075.43
149,agent,G2,4985587.05
149,agent,G3,4458840.68
149,agent,G4,-1319156.30
149,agent,G5,16888839.48
149,agent,G6,1542843.37
149,agent,G7,4726286.81
149,agent,G8,16930635.02
149,agent,G9,20485163.15
149,firm,F0,136256485.60
149,firm,F1,52341205.08
149,firm,F2,96431827.67
149,firm,F3,92045168.21
149,firm,F4,116780431.15
149,firm,F5,79816494.02
149,firm,F6,126731883.81
149,firm,F7,68213257.48
149,firm,F8,58668038.08
149,firm,F9,127781008.46
150,agent,G0,2500101.75
150,agent,G1,3115075.43
150,agent,G2,4985587.05
150,agent,G3,4475140.18
150,agent,G4,-1319156.30
150,agent,G5,17065643.54
150,agent,G6,1526543.87
150,agent,G7,4726286.81
150,agent,G8,24386616.06
150,agent,G9,11553013.66
150,firm,F0,136256485.60
150,firm,F1,52341205.08
150,firm,F2,96431827.67
150,firm,F3,92045168.21
150,firm,F4,116780431.15
150,firm,F5,79816494.02
150,firm,F6,126850855.75
150,firm,F7,68213257.48
150,firm,F8,60144206.53
150,firm,F9,127781008.46
151,agent,G0,2500101.75
151,agent,G1,3210451.46
151,agent,G2,4985587.05
151,agent,G3,4475140.18
151,agent,G4,-1319156.30
151,agent,G5,17941566.27
151,agent,G6,1526543.87
151,agent,G7,12068034.09
151,agent,G8,11398107.54
151,agent,G9,11553013.66
151,firm,F0,136256485.60
151,firm,F1,55570097.08
151,firm,F2,96453542.64
151,firm,F3,92045168.21
151,firm,F4,116780431.15
151,firm,F5,79816494.02
151,firm,F6,128392802.25
151,firm,F7,68213257.48
151,firm,F8,60144206.53
151,firm,F9,127781008.46
152,agent,G0,2552792.71
152,agent,G1,3180892.67
152,agent,G2,4985587.05
152,agent,G3,4475140.18
152,agent,G4,-1319156.30
152,agent,G5,22290648.10
152,agent,G6,1556102.66
152,agent,G7,6762688.64
152,agent,G8,11398107.54
152,agent,G9,11553013.66
152,firm,F0,136256485.60
152,firm,F1,56526360.70
152,firm,F2,96453542.64
152,firm,F3,92045168.21
152,firm,F4,116933085.19
152,firm,F5,79816494.02
152,firm,F6,128392802.25
152,firm,F7,68213257.48
152,firm,F8,60144206.53
152,firm,F9,127781008.46
153,agent,G0,2968269.08
153,agent,G1,3180892.67
153,agent,G2,4985587.05
153,agent,G3,4492286.27
153,agent,G4,-1319156.30
153,agent,G5,22290648.10
153,agent,G6,1474290.57
153,agent,G7,3839912.17
153,agent,G8,11398107.54
153,agent,G9,14040388.10
153,firm,F0,136256485.60
153,firm,F1,56526360.70
153,firm,F2,96453542.64
153,firm,F3,92045168.21
153,firm,F4,117007030.83
153,firm,F5,79816494.02
153,firm,F6,128392802.25
153,firm,F7,68213257.48
153,firm,F8,60208872.53
153,firm,F9,128216410.49
154,agent,G0,-260622.92
154,agent,G1,3180892.67
154,agent,G2,4985587.05
154,agent,G3,4492286.27
154,agent,G4,-1319156.30
154,agent,G5,23169693.43
154,agent,G6,1474290.57
154,agent,G7,3541623.00
154,agent,G8,10736916.00
154,agent,G9,14040388.10
154,firm,F0,136256485.60
154,firm,F1,56526360.70
154,firm,F2,96801655.02
154,firm,F3,92045168.21
154,firm,F4,120235922.83
154,firm,F5,79816494.02
154,firm,F6,128392802.25
154,firm,F7,68213257.48
154,firm,F8,60208872.53
154,firm,F9,128216410.49
155,agent,G0,-260622.92
155,agent,G1,3149308.44
155,agent,G2,6646848.27
155,agent,G3,2559718.47
155,agent,G4,-1319156.30
155,agent,G5,23170056.80
155,agent,G6,1505874.80
155,agent,G7,3541623.00
155,agent,G8,10736916.00
155,agent,G9,14040388.10
155,firm,F0,136256485.60
155,firm,F1,56526360.70
155,firm,F2,96801655.02
155,firm,F3,92045168.21
155,firm,F4,120235922.83
155,firm,F5,79816494.02
155,firm,F6,128802738.47
155,firm,F7,68213257.48
155,firm,F8,60208872.53
155,firm,F9,128216410.49
156,agent,G0,-260622.92
156,agent,G1,3122899.13
156,agent,G2,6123977.60
156,agent,G3,2559718.47
156,agent,G4,-1319156.30
156,agent,G5,23170056.80
156,agent,G6,1532284.10
156,agent,G7,3541623.00
156,agent,G8,10736916.00
156,agent,G9,14102312.52
156,firm,F0,136256485.60
156,firm,F1,56526360.70
156,firm,F2,96801655.02
156,firm,F3,92045168.21
156,firm,F4,120353013.83
156,firm,F5,79816494.02
156,firm,F6,128802738.47
156,firm,F7,68213257.48
156,firm,F8,60208872.53
156,firm,F9,128633196.75
157,agent,G0,-260622.92
157,agent,G1,3122899.13
157,agent,G2,6123977.60
157,agent,G3,2559718.47
157,agent,G4,-1319156.30
157,agent,G5,23170056.80
157,agent,G6,1532284.10
157,agent,G7,2007639.59
157,agent,G8,12036231.00
157,agent,G9,14102312.52
157,firm,F0,136256485.60
157,firm,F1,56526360.70
157,firm,F2,97036323.43
157,firm,F3,92045168.21
157,firm,F4,120353013.83
157,firm,F5,79816494.02
157,firm,F6,128802738.47
157,firm,F7,68213257.48
157,firm,F8,60208872.53
157,firm,F9,128633196.75
158,agent,G0,-195400.73
158,agent,G1,2855222.13
158,agent,G2,6002764.94
158,agent,G3,2559718.47
158,agent,G4,-1176537.69
158,agent,G5,23170056.80
158,agent,G6,1532284.10
158,agent,G7,2193662.45
158,agent,G8,11971008.80
158,agent,G9,14102312.52
158,firm,F0,136256485.60
158,firm,F1,56526360.70
158,firm,F2,97304000.43
158,firm,F3,92088594.36
158,firm,F4,120353013.83
158,firm,F5,79816494.02
158,firm,F6,128802738.47
158,firm,F7,68213257.48
158,firm,F8,60187466.58
158,firm,F9,128633196.75
159,agent,G0,-195400.73
159,agent,G1,2855222.13
159,agent,G2,6002764.94
159,agent,G3,1434491.04
159,agent,G4,-1176537.69
159,agent,G5,23170056.80
159,agent,G6,2454831.45
159,agent,G7,2193662.45
159,agent,G8,11971008.80
159,agent,G9,14102312.52
159,firm,F0,136256485.60
159,firm,F1,56526360.70
159,firm,F2,97304000.43
159,firm,F3,92291274.44
159,firm,F4,120353013.83
159,firm,F5,79816494.02
159,firm,F6,128802738.47
159,firm,F7,68213257.48
159,firm,F8,60187466.58
159,firm,F9,128633196.75
160,agent,G0,-195400.73
160,agent,G1,2855222.13
160,agent,G2,6002764.94
160,agent,G3,1682861.73
160,agent,G4,-1176537.69
160,agent,G5,28356635.46
160,agent,G6,2454831.45
160,agent,G7,1912739.26
160,agent,G8,11971008.80
160,agent,G9,8017336.00
160,firm,F0,136256485.60
160,firm,F1,56526360.70
160,firm,F2,97364593.74
160,firm,F3,92520723.44
160,firm,F4,120353013.83
160,firm,F5,79816494.02
160,firm,F6,129752610.51
160,firm,F7,68213257.48
160,firm,F8,60187466.58
160,firm,F9,128633196.75
161,agent,G0,-195400.73
161,agent,G1,5787373.64
161,agent,G2,6002764.94
161,agent,G3,1602105.56
161,agent,G4,-1176537.69
161,agent,G5,29233161.60
161,agent,G6,2535587.63
161,agent,G7,1912739.26
161,agent,G8,11662044.80
161,agent,G9,4535618.71
161,firm,F0,136256485.60
161,firm,F1,57075926.49
161,firm,F2,97673557.74
161,firm,F3,92520723.44
161,firm,F4,120353013.83
161,firm,F5,80017984.89
161,firm,F6,129752610.51
161,firm,F7,68213257.48
161,firm,F8,60187466.58
161,firm,F9,128633196.75
162,agent,G0,-195400.73
162,agent,G1,3252190.56
162,agent,G2,6002764.94
162,agent,G3,1602105.56
162,agent,G4,918178.14
162,agent,G5,29233161.60
162,agent,G6,2535587.63
162,agent,G7,1912739.26
162,agent,G8,11662044.80
162,agent,G9,4535618.71
162,firm,F0,136256485.60
162,firm,F1,57075926.49
162,firm,F2,97673557.74
162,firm,F3,92520723.44
162,firm,F4,120353013.83
162,firm,F5,80458452.13
162,firm,F6,129752610.51
162,firm,F7,68213257.48
162,firm,F8,60187466.58
162,firm,F9,128633196.75
163,agent,G0,-174037.96
163,agent,G1,3265870.63
163,agent,G2,6002764.94
163,agent,G3,1602105.56
163,agent,G4,918178.14
163,agent,G5,29233161.60
163,agent,G6,2535587.63
163,agent,G7,1912739.26
163,agent,G8,11622179.22
163,agent,G9,4535618.71
163,firm,F0,136256485.60
163,firm,F1,57075926.49
163,firm,F2,97734056.88
163,firm,F3,92520723.44
163,firm,F4,120349368.43
163,firm,F5,80458452.13
163,firm,F6,129752610.51
163,firm,F7,68213257.48
163,firm,F8,60187466.58
163,firm,F9,128633196.75
164,agent,G0,-174037.96
164,agent,G1,3536646.41
164,agent,G2,6002764.94
164,agent,G3,1602105.56
164,agent,G4,918178.14
164,agent,G5,16581810.38
164,agent,G6,2535587.63
164,agent,G7,1912739.26
164,agent,G8,23220114.09
164,agent,G9,3144159.92
164,firm,F0,137538753.78
164,firm,F1,57075926.49
164,firm,F2,97734056.88
164,firm,F3,92520723.44
164,firm,F4,120349368.43
164,firm,F5,80458452.13
164,firm,F6,129752610.51
164,firm,F7,68213257.48
164,firm,F8,60187466.58
164,firm,F9,130549369.91
165,agent,G0,-155102.55
165,agent,G1,3536646.41
165,agent,G2,6002764.94
165,agent,G3,1602105.56
165,agent,G4,902305.96
165,agent,G5,15826212.43
165,agent,G6,2535587.63
165,agent,G7,1912739.26
165,agent,G8,22951370.04
165,agent,G9,3666598.54
165,firm,F0,137538753.78
165,firm,F1,57075926.49
165,firm,F2,97734056.88
165,firm,F3,92520723.44
165,firm,F4,120346305.21
165,firm,F5,81482794.13
165,firm,F6,129752610.51
165,firm,F7,68213257.48
165,firm,F8,60315293.95
165,firm,F9,130549369.91
166,agent,G0,-155102.55
166,agent,G1,3548476.81
166,agent,G2,6314673.07
166,agent,G3,1602105.56
166,agent,G4,902305.96
166,agent,G5,15826212.43
166,agent,G6,2535587.63
166,agent,G7,1912739.26
166,agent,G8,24278425.51
166,agent,G9,2072205.57
166,firm,F0,137538753.78
166,firm,F1,57075926.49
166,firm,F2,97734056.88
166,firm,F3,92520723.44
166,firm,F4,120346305.21
166,firm,F5,81611874.99
166,firm,F6,129752610.51
166,firm,F7,68213257.48
166,firm,F8,60570801.07
166,firm,F9,130549369.91
167,agent,G0,-155102.55
167,agent,G1,2003896.67
167,agent,G2,6314673.07
167,agent,G3,1602105.56
167,agent,G4,2196507.27
167,agent,G5,15826212.43
167,agent,G6,2535587.63
167,agent,G7,1912739.26
167,agent,G8,24278425.51
167,agent,G9,2072205.57
167,firm,F0,137538753.78
167,firm,F1,57075926.49
167,firm,F2,97734056.88
167,firm,F3,92520723.44
167,firm,F4,120346305.21
167,firm,F5,81611874.99
167,firm,F6,129752610.51
167,firm,F7,68463636.30
167,firm,F8,60570801.07
167,firm,F9,130549369.91
168,agent,G0,-152481.56
168,agent,G1,2003896.67
168,agent,G2,6314673.07
168,agent,G3,1606269.52
168,agent,G4,2196507.27
168,agent,G5,15836673.98
168,agent,G6,2535587.63
168,agent,G7,1912739.26
168,agent,G8,24260686.51
168,agent,G9,2072205.57
168,firm,F0,137556492.78
168,firm,F1,57075926.49
168,firm,F2,97734056.88
168,firm,F3,92520723.44
168,firm,F4,120346305.21
168,firm,F5,81614988.47
168,firm,F6,129749989.52
168,firm,F7,68463636.30
168,firm,F8,60570801.07
168,firm,F9,130549369.91
169,agent,G0,-152481.56
169,agent,G1,2017830.63
169,agent,G2,6314673.07
169,agent,G3,1606269.52
169,agent,G4,2196507.27
169,agent,G5,15836673.98
169,agent,G6,2535587.63
169,agent,G7,1775737.67
169,agent,G8,24312272.84
169,agent,G9,2072205.57
169,firm,F0,137556492.78
169,firm,F1,57212928.08
169,firm,F2,97786087.88
169,firm,F3,92520723.44
169,firm,F4,120346305.21
169,firm,F5,81614988.47
169,firm,F6,129774859.24
169,firm,F7,68463636.30
169,firm,F8,60570801.07
169,firm,F9,130549369.91
170,agent,G0,613090.52
170,agent,G1,2017830.63
170,agent,G2,6314673.07
170,agent,G3,1523243.51
170,agent,G4,2196507.27
170,agent,G5,15527709.98
170,agent,G6,2618613.64
170,agent,G7,1775737.67
170,agent,G8,24494214.43
170,agent,G9,1180013.19
170,firm,F0,137556492.78
170,firm,F1,57212928.08
170,firm,F2,97912708.18
170,firm,F3,92520723.44
170,firm,F4,120346305.21
170,firm,F5,81923952.47
170,firm,F6,129774859.24
170,firm,F7,68463636.30
170,firm,F8,60570801.07
170,firm,F9,130586891.31
171,agent,G0,613090.52
171,agent,G1,2017830.63
171,agent,G2,6314673.07
171,agent,G3,1380822.51
171,agent,G4,2798277.07
171,agent,G5,15527709.98
171,agent,G6,2455328.02
171,agent,G7,1775737.67
171,agent,G8,24460052.35
171,agent,G9,1180013.19
171,firm,F0,137719778.41
171,firm,F1,57212928.08
171,firm,F2,98159353.47
171,firm,F3,92520723.44
171,firm,F4,120346305.21
171,firm,F5,81923952.47
171,firm,F6,129774859.24
171,firm,F7,68463636.30
171,firm,F8,60570801.07
171,firm,F9,130586891.31
172,agent,G0,613090.52
172,agent,G1,2017830.63
172,agent,G2,6314673.07
172,agent,G3,1380822.51
172,agent,G4,2628534.42
172,agent,G5,15527709.98
172,agent,G6,2300809.83
172,agent,G7,1801622.09
172,agent,G8,23957963.00
172,agent,G9,1180013.19
172,firm,F0,137719778.41
172,firm,F1,57212928.08
172,firm,F2,98313871.66
172,firm,F3,92520723.44
172,firm,F4,120346305.21
172,firm,F5,81923952.47
172,firm,F6,130446691.24
172,firm,F7,68463636.30
172,firm,F8,60576728.65
172,firm,F9,130586891.31
173,agent,G0,613090.52
173,agent,G1,1876655.98
173,agent,G2,6314673.07
173,agent,G3,1456522.75
173,agent,G4,2449365.87
173,agent,G5,15527709.98
173,agent,G6,2300809.83
173,agent,G7,1801622.09
173,agent,G8,23465299.55
173,agent,G9,1180013.19
173,firm,F0,137719778.41
173,firm,F1,57212928.08
173,firm,F2,98313871.66
173,firm,F3,92661898.09
173,firm,F4,120346305.21
173,firm,F5,81923952.47
173,firm,F6,130446691.24
173,firm,F7,68463636.30
173,firm,F8,60576728.65
173,firm,F9,131275254.08
174,agent,G0,613090.52
174,agent,G1,1876655.98
174,agent,G2,12016197.56
174,agent,G3,784690.75
174,agent,G4,2263747.06
174,agent,G5,8807066.48
174,agent,G6,2300809.83
174,agent,G7,1801622.09
174,agent,G8,23740003.90
174,agent,G9,1180013.19
174,firm,F0,137719778.41
174,firm,F1,57212928.08
174,firm,F2,98313871.66
174,firm,F3,92661898.09
174,firm,F4,120364884.67
174,firm,F5,81923952.47
174,firm,F6,130446691.24
174,firm,F7,68463636.30
174,firm,F8,61595847.67
174,firm,F9,131947086.08
175,agent,G0,642584.41
175,agent,G1,10656487.85
175,agent,G2,12016197.56
175,agent,G3,784690.75
175,agent,G4,2105145.49
175,agent,G5,8807066.48
175,agent,G6,2300809.83
175,agent,G7,1801622.09
175,agent,G8,13559552.97
175,agent,G9,508181.19
175,firm,F0,139278999.03
175,firm,F1,57212928.08
175,firm,F2,98313871.66
175,firm,F3,92661898.09
175,firm,F4,120364884.67
175,firm,F5,81923952.47
175,firm,F6,130446691.24
175,firm,F7,68463636.30
175,firm,F8,61595847.67
175,firm,F9,132626108.19
176,agent,G0,633047.66
176,agent,G1,10666024.60
176,agent,G2,12016197.56
176,agent,G3,784690.75
176,agent,G4,1950389.58
176,agent,G5,8807066.48
176,agent,G6,2300809.83
176,agent,G7,1801622.09
176,agent,G8,13898335.47
176,agent,G9,508181.19
176,firm,F0,139278999.03
176,firm,F1,57212928.08
176,firm,F2,98313871.66
176,firm,F3,92661898.09
176,firm,F4,120364884.67
176,firm,F5,82035768.96
176,firm,F6,130446691.24
176,firm,F7,68463636.30
176,firm,F8,61595847.67
176,firm,F9,132780864.10
177,agent,G0,633047.66
177,agent,G1,10666024.60
177,agent,G2,6737709.58
177,agent,G3,5197893.63
177,agent,G4,1095790.22
177,agent,G5,8807066.48
177,agent,G6,2300809.83
177,agent,G7,1801622.09
177,agent,G8,14081102.83
177,agent,G9,508181.19
177,firm,F0,139278999.03
177,firm,F1,57212928.08
177,firm,F2,99929721.56
177,firm,F3,92661898.09
177,firm,F4,120381597.86
177,firm,F5,82035768.96
177,firm,F6,130446691.24
177,firm,F7,68463636.30
177,firm,F8,61595847.67
177,firm,F9,132780864.10
178,agent,G0,633047.66
178,agent,G1,10666024.60
178,agent,G2,6253879.81
178,agent,G3,5197893.63
178,agent,G4,1095790.22
178,agent,G5,8807066.48
178,agent,G6,2300809.83
178,agent,G7,1693957.09
178,agent,G8,14865354.96
178,agent,G9,536667.92
178,firm,F0,139278999.03
178,firm,F1,57696757.84
178,firm,F2,99929721.56
178,firm,F3,92661898.09
178,firm,F4,120381597.86
178,firm,F5,82035768.96
178,firm,F6,130446691.24
178,firm,F7,68614835.44
178,firm,F8,61703512.67
178,firm,F9,132780864.10
179,agent,G0,624345.65
179,agent,G1,10674726.61
179,agent,G2,6313961.86
179,agent,G3,5197893.63
179,agent,G4,1095790.22
179,agent,G5,8132786.03
179,agent,G6,2300809.83
179,agent,G7,1693957.09
179,agent,G8,14828670.96
179,agent,G9,536667.92
179,firm,F0,139290284.98
179,firm,F1,57696757.84
179,firm,F2,99929721.56
179,firm,F3,93336178.53
179,firm,F4,120381597.86
179,firm,F5,82035768.96
179,firm,F6,130446691.24
179,firm,F7,68651519.44
179,firm,F8,61703512.67
179,firm,F9,132780864.10
180,agent,G0,624345.65
180,agent,G1,10674726.61
180,agent,G2,6313961.86
180,agent,G3,5172719.06
180,agent,G4,620608.50
180,agent,G5,8132786.03
180,agent,G6,2325984.41
180,agent,G7,1638257.53
180,agent,G8,15230121.41
180,agent,G9,536667.92
180,firm,F0,139290284.98
180,firm,F1,57696757.84
180,firm,F2,99929721.56
180,firm,F3,93336178.53
180,firm,F4,120381597.86
180,firm,F5,82035768.96
180,firm,F6,130549850.80
180,firm,F7,68651519.44
180,firm,F8,61777243.94
180,firm,F9,132780864.10
181,agent,G0,806873.02
181,agent,G1,10674726.61
181,agent,G2,6313961.86
181,agent,G3,2911708.33
181,agent,G4,620608.50
181,agent,G5,8132786.03
181,agent,G6,2349812.35
181,agent,G7,3520187.63
181,agent,G8,15134675.41
181,agent,G9,536667.92
181,firm,F0,139290284.98
181,firm,F1,57696757.84
181,firm,F2,99962511.19
181,firm,F3,93691431.22
181,firm,F4,120477043.86
181,firm,F5,82035768.96
181,firm,F6,130549850.80
181,firm,F7,68651519.44
181,firm,F8,61777243.94
181,firm,F9,132780864.10
182,agent,G0,756475.18
182,agent,G1,10674726.61
182,agent,G2,6495121.61
182,agent,G3,2326905.21
182,agent,G4,620608.50
182,agent,G5,8132786.03
182,agent,G6,2349812.35
182,agent,G7,3520187.63
182,agent,G8,15134675.41
182,agent,G9,355508.16
182,firm,F0,139290284.98
182,firm,F1,57747155.68
182,firm,F2,100624729.31
182,firm,F3,93691431.22
182,firm,F4,120477043.86
182,firm,F5,82035768.96
182,firm,F6,130549850.80
182,firm,F7,68651519.44
182,firm,F8,61777243.94
182,firm,F9,132780864.10
183,agent,G0,756475.18
183,agent,G1,9995432.15
183,agent,G2,6015376.67
183,agent,G3,2326905.21
183,agent,G4,620608.50
183,agent,G5,8358939.12
183,agent,G6,2349812.35
183,agent,G7,3520187.63
183,agent,G8,15134675.41
183,agent,G9,184987.10
183,firm,F0,139940550.98
183,firm,F1,57747155.68
183,firm,F2,101304023.77
183,firm,F3,93691431.22
183,firm,F4,120518363.77
183,firm,F5,82035768.96
183,firm,F6,130549850.80
183,firm,F7,68651519.44
183,firm,F8,61777243.94
183,firm,F9,132780864.10
184,agent,G0,756475.18
184,agent,G1,9995432.15
184,agent,G2,6164020.05
184,agent,G3,2326905.21
184,agent,G4,1472159.12
184,agent,G5,9322243.34
184,agent,G6,1321513.09
184,agent,G7,3520187.63
184,agent,G8,15134675.41
184,agent,G9,-613922.28
184,firm,F0,140117299.62
184,firm,F1,57747155.68
184,firm,F2,101304023.77
184,firm,F3,93691431.22
184,firm,F4,120518363.77
184,firm,F5,82035768.96
184,firm,F6,130549850.80
184,firm,F7,68651519.44
184,firm,F8,62599967.72
184,firm,F9,132780864.10
185,agent,G0,756475.18
185,agent,G1,9939269.31
185,agent,G2,6425643.28
185,agent,G3,3011684.98
185,agent,G4,1472159.12
185,agent,G5,7924858.12
185,agent,G6,1321513.09
185,agent,G7,3520187.63
185,agent,G8,15134675.41
185,agent,G9,-547300.66
185,firm,F0,140106840.83
185,firm,F1,57747155.68
185,firm,F2,101304023.77
185,firm,F3,93691431.22
185,firm,F4,120671431.00
185,firm,F5,82035768.96
185,firm,F6,130549850.80
185,firm,F7,68651519.44
185,firm,F8,63735729.72
185,firm,F9,132780864.10
186,agent,G0,700455.52
186,agent,G1,9246681.20
186,agent,G2,6425643.28
186,agent,G3,2796367.98
186,agent,G4,1472159.12
186,agent,G5,8007904.52
186,agent,G6,1321513.09
186,agent,G7,3576207.29
186,agent,G8,15134675.41
186,agent,G9,-547300.66
186,firm,F0,140106840.83
186,firm,F1,57747155.68
186,firm,F2,101304023.77
186,firm,F3,93707789.81
186,firm,F4,120886748.00
186,firm,F5,82035768.96
186,firm,F6,130549850.80
186,firm,F7,68651519.44
186,firm,F8,64428317.84
186,firm,F9,132780864.10
187,agent,G0,700455.52
187,agent,G1,9246681.20
187,agent,G2,3662040.96
187,agent,G3,2796367.98
187,agent,G4,3849071.43
187,agent,G5,8007904.52
187,agent,G6,1321513.09
187,agent,G7,3576207.29
187,agent,G8,15134675.41
187,agent,G9,-547300.66
187,firm,F0,140106840.83
187,firm,F1,58133845.70
187,firm,F2,101304023.77
187,firm,F3,93707789.81
187,firm,F4,120886748.00
187,firm,F5,82035768.96
187,firm,F6,130549850.80
187,firm,F7,68651519.44
187,firm,F8,64428317.84
187,firm,F9,132780864.10
188,agent,G0,700455.52
188,agent,G1,9246681.20
188,agent,G2,3662040.96
188,agent,G3,2773604.66
188,agent,G4,3849071.43
188,agent,G5,7912458.52
188,agent,G6,757445.47
188,agent,G7,3576207.29
188,agent,G8,15904242.48
188,agent,G9,-547300.66
188,firm,F0,140106840.83
188,firm,F1,58133845.70
188,firm,F2,101304023.77
188,firm,F3,93803235.81
188,firm,F4,120886748.00
188,firm,F5,82035768.96
188,firm,F6,130648091.54
188,firm,F7,68716047.57
188,firm,F8,64428317.84
188,firm,F9,132780864.10
189,agent,G0,356965.67
189,agent,G1,9246681.20
189,agent,G2,3662040.96
189,agent,G3,2773604.66
189,agent,G4,4112420.54
189,agent,G5,7912458.52
189,agent,G6,774636.86
189,agent,G7,3576207.29
189,agent,G8,15904242.48
189,agent,G9,-547300.66
189,firm,F0,140106840.83
189,firm,F1,58133845.70
189,firm,F2,101379672.84
189,firm,F3,93803235.81
189,firm,F4,120886748.00
189,firm,F5,82035768.96
189,firm,F6,130698716.83
189,firm,F7,68716047.57
189,firm,F8,64428317.84
189,firm,F9,132780864.10
190,agent,G0,356965.67
190,agent,G1,9246681.20
190,agent,G2,3662040.96
190,agent,G3,4061960.96
190,agent,G4,4112420.54
190,agent,G5,7912458.52
190,agent,G6,774636.86
190,agent,G7,2003597.76
190,agent,G8,15904242.48
190,agent,G9,-547300.66
190,firm,F0,140391094.06
190,firm,F1,58133845.70
190,firm,F2,101379672.84
190,firm,F3,93803235.81
190,firm,F4,120886748.00
190,firm,F5,82035768.96
190,firm,F6,130698716.83
190,firm,F7,68716047.57
190,firm,F8,64428317.84
190,firm,F9,132780864.10
191,agent,G0,356965.67
191,agent,G1,5186168.05
191,agent,G2,3662040.96
191,agent,G3,4061960.96
191,agent,G4,4112420.54
191,agent,G5,7912458.52
191,agent,G6,774636.86
191,agent,G7,5340429.57
191,agent,G8,15904242.48
191,agent,G9,-547300.66
191,firm,F0,140391094.06
191,firm,F1,58133845.70
191,firm,F2,101379672.84
191,firm,F3,94526917.14
191,firm,F4,120886748.00
191,firm,F5,82035768.96
191,firm,F6,130698716.83
191,firm,F7,68716047.57
191,firm,F8,64428317.84
191,firm,F9,132780864.10
192,agent,G0,356965.67
192,agent,G1,5186168.05
192,agent,G2,3321128.55
192,agent,G3,2291492.27
192,agent,G4,4112420.54
192,agent,G5,7997244.09
192,agent,G6,774636.86
192,agent,G7,5340429.57
192,agent,G8,15819456.90
192,agent,G9,931799.41
192,firm,F0,140391094.06
192,firm,F1,58133845.70
192,firm,F2,102017584.87
192,firm,F3,94526917.14
192,firm,F4,120886748.00
192,firm,F5,82035768.96
192,firm,F6,130698716.83
192,firm,F7,68716047.57
192,firm,F8,64428317.84
192,firm,F9,132780864.10
193,agent,G0,347392.49
193,agent,G1,2927943.29
193,agent,G2,3653398.52
193,agent,G3,2291492.27
193,agent,G4,4112420.54
193,agent,G5,9849355.14
193,agent,G6,774636.86
193,agent,G7,5340429.57
193,agent,G8,15819456.90
193,agent,G9,931799.41
193,firm,F0,140391094.06
193,firm,F1,58133845.70
193,firm,F2,102017584.87
193,firm,F3,94526917.14
193,firm,F4,120987647.03
193,firm,F5,82035768.96
193,firm,F6,130698716.83
193,firm,F7,68716047.57
193,firm,F8,64807320.73
193,firm,F9,132780864.10
194,agent,G0,1112737.46
194,agent,G1,2927943.29
194,agent,G2,3653398.52
194,agent,G3,1286968.43
194,agent,G4,4095495.66
194,agent,G5,9849355.14
194,agent,G6,791561.74
194,agent,G7,5432154.89
194,agent,G8,15819456.90
194,agent,G9,931799.41
194,firm,F0,140391094.06
194,firm,F1,58133845.70
194,firm,F2,102017584.87
194,firm,F3,94526917.14
194,firm,F4,120987647.03
194,firm,F5,82035768.96
194,firm,F6,130698716.83
194,firm,F7,68716047.57
194,firm,F8,64807320.73
194,firm,F9,133036804.64
195,agent,G0,6689348.21
195,agent,G1,2927943.29
195,agent,G2,3817584.15
195,agent,G3,1286968.43
195,agent,G4,4095495.66
195,agent,G5,9943656.33
195,agent,G6,791561.74
195,agent,G7,5432154.89
195,agent,G8,8652540.89
195,agent,G9,931799.41
195,firm,F0,140391094.06
195,firm,F1,58133845.70
195,firm,F2,102017584.87
195,firm,F3,94560378.52
195,firm,F4,120987647.03
195,firm,F5,82035768.96
195,firm,F6,130698716.83
195,firm,F7,69061552.57
195,firm,F8,64807320.73
195,firm,F9,134187303.70
196,agent,G0,3764115.05
196,agent,G1,5354188.69
196,agent,G2,3831105.67
196,agent,G3,1263680.08
196,agent,G4,4095495.66
196,agent,G5,9943656.33
196,agent,G6,814850.09
196,agent,G7,5432154.89
196,agent,G8,8652540.89
196,agent,G9,931799.41
196,firm,F0,140391094.06
196,firm,F1,58133845.70
196,firm,F2,102017584.87
196,firm,F3,94678785.00
196,firm,F4,120987647.03
196,firm,F5,82035768.96
196,firm,F6,130698716.83
196,firm,F7,69061552.57
196,firm,F8,64807320.73
196,firm,F9,134686291.47
197,agent,G0,4064798.09
197,agent,G1,5354188.69
197,agent,G2,3446829.47
197,agent,G3,1263680.08
197,agent,G4,4095495.66
197,agent,G5,9943656.33
197,agent,G6,814850.09
197,agent,G7,5432154.89
197,agent,G8,8072089.59
197,agent,G9,931799.41
197,firm,F0,140474687.23
197,firm,F1,58133845.70
197,firm,F2,102017584.87
197,firm,F3,94678785.00
197,firm,F4,122076134.34
197,firm,F5,82035768.96
197,firm,F6,130698716.83
197,firm,F7,69061552.57
197,firm,F8,64807320.73
197,firm,F9,134686291.47
198,agent,G0,5576596.01
198,agent,G1,5354188.69
198,agent,G2,3472790.38
198,agent,G3,1263680.08
198,agent,G4,2330897.06
198,agent,G5,9943656.33
198,agent,G6,814850.09
198,agent,G7,5406193.98
198,agent,G8,8056024.76
198,agent,G9,931799.41
198,firm,F0,140474687.23
198,firm,F1,58133845.70
198,firm,F2,102017584.87
198,firm,F3,94678785.00
198,firm,F4,122076134.34
198,firm,F5,82035768.96
198,firm,F6,130698716.83
198,firm,F7,69061552.57
198,firm,F8,65060121.41
198,firm,F9,134817669.30
199,agent,G0,5617728.59
199,agent,G1,5354188.69
199,agent,G2,3472790.38
199,agent,G3,1263680.08
199,agent,G4,2596991.63
199,agent,G5,9943656.33
199,agent,G6,829318.87
199,agent,G7,5406193.98
199,agent,G8,8056024.76
199,agent,G9,530248.24
199,firm,F0,140474687.23
199,firm,F1,58133845.70
199,firm,F2,102138572.69
199,firm,F3,94678785.00
199,firm,F4,122076134.34
199,firm,F5,82035768.96
199,firm,F6,130698716.83
199,firm,F7,69070138.00
199,firm,F8,65060121.41
199,firm,F9,134817669.30
200,agent,G0,5617728.59
200,agent,G1,5354188.69
200,agent,G2,3428594.97
200,agent,G3,1341203.84
200,agent,G4,2834961.03
200,agent,G5,9943656.33
200,agent,G6,829318.87
200,agent,G7,5208546.98
200,agent,G8,8056024.76
200,agent,G9,299823.63
200,firm,F0,140511337.85
200,firm,F1,58133845.70
200,firm,F2,102138572.69
200,firm,F3,94678785.00
200,firm,F4,122076134.34
200,firm,F5,82035768.96
200,firm,F6,130698716.83
200,firm,F7,69087974.24
200,firm,F8,65060121.41
200,firm,F9,135015316.30
201,agent,G0,5617728.59
201,agent,G1,5354188.69
201,agent,G2,3428594.97
201,agent,G3,1236681.04
201,agent,G4,5765029.47
201,agent,G5,9943656.33
201,agent,G6,854538.44
201,agent,G7,5208546.98
201,agent,G8,4541273.39
201,agent,G9,299823.63
201,firm,F0,140511337.85
201,firm,F1,58133845.70
201,firm,F2,102138572.69
201,firm,F3,94682264.23
201,firm,F4,122076134.34
201,firm,F5,82620451.88
201,firm,F6,130698716.83
201,firm,F7,69183420.24
201,firm,F8,65060121.41
201,firm,F9,135015316.30
202,agent,G0,5556081.64
202,agent,G1,5354188.69
202,agent,G2,3497927.39
202,agent,G3,1248609.99
202,agent,G4,5765029.47
202,agent,G5,11603155.41
202,agent,G6,854538.44
202,agent,G7,5208546.98
202,agent,G8,2567753.76
202,agent,G9,299823.63
202,firm,F0,140511337.85
202,firm,F1,58133845.70
202,firm,F2,102152973.27
202,firm,F3,94682264.23
202,firm,F4,122076134.34
202,firm,F5,82620451.88
202,firm,F6,130698716.83
202,firm,F7,69233138.24
202,firm,F8,65374141.96
202,firm,F9,135015316.30
203,agent,G0,5578771.35
203,agent,G1,5354188.69
203,agent,G2,3497927.39
203,agent,G3,1130752.39
203,agent,G4,5765029.47
203,agent,G5,6548425.26
203,agent,G6,5104744.22
203,agent,G7,5208546.98
203,agent,G8,2567753.76
203,agent,G9,299823.63
203,firm,F0,140511337.85
203,firm,F1,58133845.70
203,firm,F2,102152973.27
203,firm,F3,94777710.23
203,firm,F4,122903070.30
203,firm,F5,82620451.88
203,firm,F6,130698716.83
203,firm,F7,69233138.24
203,firm,F8,65374141.96
203,firm,F9,135020727.59
204,agent,G0,5463202.47
204,agent,G1,5354188.69
204,agent,G2,3105460.26
204,agent,G3,1257935.54
204,agent,G4,5765029.47
204,agent,G5,8453497.02
204,agent,G6,5104744.22
204,agent,G7,2946781.15
204,agent,G8,2567753.76
204,agent,G9,299823.63
204,firm,F0,140511337.85
204,firm,F1,58157250.55
204,firm,F2,102152973.27
204,firm,F3,95285746.23
204,firm,F4,122903070.30
204,firm,F5,82620451.88
204,firm,F6,131055410.91
204,firm,F7,69233138.24
204,firm,F8,65374141.96
204,firm,F9,135020727.59
205,agent,G0,5428595.86
205,agent,G1,5354188.69
205,agent,G2,3105460.26
205,agent,G3,1264441.15
205,agent,G4,5765029.47
205,agent,G5,4806496.85
205,agent,G6,8220541.66
205,agent,G7,2990206.06
205,agent,G8,2567753.76
205,agent,G9,299823.63
205,firm,F0,140511337.85
205,firm,F1,58157250.55
205,firm,F2,102152973.27
205,firm,F3,95285746.23
205,firm,F4,122903070.30
205,firm,F5,82620451.88
205,firm,F6,131586613.63
205,firm,F7,69243012.33
205,firm,F8,65374141.96
205,firm,F9,135048828.59
206,agent,G0,5384013.86
206,agent,G1,5354188.69
206,agent,G2,3105460.26
206,agent,G3,1264441.15
206,agent,G4,5357245.60
206,agent,G5,4830201.05
206,agent,G6,8220541.66
206,agent,G7,2990206.06
206,agent,G8,2567753.76
206,agent,G9,312268.29
206,firm,F0,140963703.72
206,firm,F1,58157250.55
206,firm,F2,102161406.40
206,firm,F3,95285746.23
206,firm,F4,122903070.30
206,firm,F5,82620451.88
206,firm,F6,131586613.63
206,firm,F7,69243012.33
206,firm,F8,65374141.96
206,firm,F9,135048828.59
207,agent,G0,3040402.88
207,agent,G1,5354188.69
207,agent,G2,3105460.26
207,agent,G3,1264441.15
207,agent,G4,5357245.60
207,agent,G5,4820153.00
207,agent,G6,8220541.66
207,agent,G7,4909224.17
207,agent,G8,2567753.76
207,agent,G9,402753.15
207,firm,F0,140982216.92
207,firm,F1,58157250.55
207,firm,F2,102161406.40
207,firm,F3,95285746.23
207,firm,F4,122903070.30
207,firm,F5,82620451.88
207,firm,F6,131966624.51
207,firm,F7,69287594.33
207,firm,F8,65374141.96
207,firm,F9,135048828.59
208,agent,G0,3040402.88
208,agent,G1,5516241.02
208,agent,G2,3105460.26
208,agent,G3,976622.15
208,agent,G4,5434824.58
208,agent,G5,2699833.02
208,agent,G6,8220541.66
208,agent,G7,4909224.17
208,agent,G8,4303556.18
208,agent,G9,402753.15
208,firm,F0,140982216.92
208,firm,F1,58445069.55
208,firm,F2,102161406.40
208,firm,F3,95285746.23
208,firm,F4,123287587.85
208,firm,F5,82668639.57
208,firm,F6,131966624.51
208,firm,F7,69287594.33
208,firm,F8,65374141.96
208,firm,F9,135048828.59
209,agent,G0,3151509.40
209,agent,G1,5516241.02
209,agent,G2,3465218.25
209,agent,G3,555082.41
209,agent,G4,5462069.07
209,agent,G5,2699833.02
209,agent,G6,8220541.66
209,agent,G7,4909224.17
209,agent,G8,4303556.18
209,agent,G9,375508.66
209,firm,F0,140982216.92
209,firm,F1,58445069.55
209,firm,F2,102161406.40
209,firm,F3,95285746.23
209,firm,F4,123500025.09
209,firm,F5,82668639.57
209,firm,F6,131966624.51
209,firm,F7,69287594.33
209,firm,F8,65374141.96
209,firm,F9,135048828.59
210,agent,G0,3151509.40
210,agent,G1,7508473.76
210,agent,G2,3483453.84
210,agent,G3,555082.41
210,agent,G4,3090021.37
210,agent,G5,2699833.02
210,agent,G6,8220541.66
210,agent,G7,4909224.17
210,agent,G8,4303556.18
210,agent,G9,249684.55
210,firm,F0,141081166.92
210,firm,F1,58445069.55
210,firm,F2,102161406.40
210,firm,F3,95696527.70
210,firm,F4,123500025.09
210,firm,F5,82668639.57
210,firm,F6,131966624.51
210,firm,F7,69287594.33
210,firm,F8,65374141.96
210,firm,F9,135048828.59
211,agent,G0,3151509.40
211,agent,G1,7444075.34
211,agent,G2,3238454.20
211,agent,G3,555082.41
211,agent,G4,3154419.80
211,agent,G5,2699833.02
211,agent,G6,8220541.66
211,agent,G7,4909224.17
211,agent,G8,3963994.07
211,agent,G9,249684.55
211,firm,F0,141081166.92
211,firm,F1,58784631.66
211,firm,F2,102161406.40
211,firm,F3,95984346.70
211,firm,F4,123500025.09
211,firm,F5,82668639.57
211,firm,F6,131976059.16
211,firm,F7,69287594.33
211,firm,F8,65374141.96
211,firm,F9,135048828.59
212,agent,G0,1778703.23
212,agent,G1,7444075.34
212,agent,G2,3218800.51
212,agent,G3,1708733.45
212,agent,G4,3154419.80
212,agent,G5,2699833.02
212,agent,G6,8220541.66
212,agent,G7,4909224.17
212,agent,G8,3963994.07
212,agent,G9,249684.55
212,firm,F0,141081166.92
212,firm,F1,58784631.66
212,firm,F2,102161406.40
212,firm,F3,95984346.70
212,firm,F4,123602620.66
212,firm,F5,82916628.82
212,firm,F6,131976059.16
212,firm,F7,69287594.33
212,firm,F8,65374141.96
212,firm,F9,135048828.59
213,agent,G0,1778703.23
213,agent,G1,4170154.24
213,agent,G2,5626419.24
213,agent,G3,1708733.45
213,agent,G4,3305538.72
213,agent,G5,2699833.02
213,agent,G6,8220541.66
213,agent,G7,4909224.17
213,agent,G8,3963994.07
213,agent,G9,249684.55
213,firm,F0,141081166.92
213,firm,F1,58784631.66
213,firm,F2,102449225.40
213,firm,F3,96492337.31
213,firm,F4,123602620.66
213,firm,F5,82916628.82
213,firm,F6,131976059.16
213,firm,F7,69287594.33
213,firm,F8,65389104.80
213,firm,F9,135048828.59
214,agent,G0,1790988.31
214,agent,G1,4170154.24
214,agent,G2,5614134.15
214,agent,G3,1656479.45
214,agent,G4,1873452.20
214,agent,G5,2833320.92
214,agent,G6,8220541.66
214,agent,G7,4909224.17
214,agent,G8,3963994.07
214,agent,G9,1462029.00
214,firm,F0,141081166.92
214,firm,F1,58784631.66
214,firm,F2,102449225.40
214,firm,F3,96492337.31
214,firm,F4,123874616.73
214,firm,F5,82916628.82
214,firm,F6,131976059.16
214,firm,F7,69287594.33
214,firm,F8,65389104.80
214,firm,F9,135075240.69
215,agent,G0,3824797.77
215,agent,G1,4170154.24
215,agent,G2,3147719.89
215,agent,G3,1656479.45
215,agent,G4,1873452.20
215,agent,G5,2821253.79
215,agent,G6,8220541.66
215,agent,G7,4909224.17
215,agent,G8,4040306.39
215,agent,G9,1474096.14
215,firm,F0,141081166.92
215,firm,F1,58784631.66
215,firm,F2,102449225.40
215,firm,F3,96880360.12
215,firm,F4,123874616.73
215,firm,F5,82916628.82
215,firm,F6,132020641.16
215,firm,F7,69305448.01
215,firm,F8,65389104.80
215,firm,F9,135075240.69
216,agent,G0,3824797.77
216,agent,G1,4205420.94
216,agent,G2,2956565.31
216,agent,G3,1656479.45
216,agent,G4,1713552.20
216,agent,G5,2785987.09
216,agent,G6,8490064.91
216,agent,G7,4909224.17
216,agent,G8,4040306.39
216,agent,G9,1474096.14
216,firm,F0,141081166.92
216,firm,F1,58784631.66
216,firm,F2,102449225.40
216,firm,F3,96936081.87
216,firm,F4,123874616.73
216,firm,F5,82916628.82
216,firm,F6,132020641.16
216,firm,F7,69305448.01
216,firm,F8,65740159.37
216,firm,F9,135075240.69
217,agent,G0,3837703.74
217,agent,G1,4205420.94
217,agent,G2,3039503.57
217,agent,G3,1656479.45
217,agent,G4,1713552.20
217,agent,G5,2460742.09
217,agent,G6,8943532.59
217,agent,G7,4909224.17
217,agent,G8,4040306.39
217,agent,G9,831225.18
217,firm,F0,141081166.92
217,firm,F1,58784631.66
217,firm,F2,102776879.43
217,firm,F3,96936081.87
217,firm,F4,123874616.73
217,firm,F5,82916628.82
217,firm,F6,132020641.16
217,firm,F7,69411913.02
217,firm,F8,65740159.37
217,firm,F9,135075240.69
218,agent,G0,3837703.74
218,agent,G1,4205420.94
218,agent,G2,3119969.83
218,agent,G3,1656479.45
218,agent,G4,959721.24
218,agent,G5,2460742.09
218,agent,G6,9510060.17
218,agent,G7,4909224.17
218,agent,G8,4040306.39
218,agent,G9,831225.18
218,firm,F0,141217987.07
218,firm,F1,58784631.66
218,firm,F2,102776879.43
218,firm,F3,96936081.87
218,firm,F4,123874616.73
218,firm,F5,82916628.82
218,firm,F6,132020641.16
218,firm,F7,69814734.00
218,firm,F8,65740159.37
218,firm,F9,135075240.69
219,agent,G0,3837703.74
219,agent,G1,2402459.87
219,agent,G2,3119969.83
219,agent,G3,1656479.45
219,agent,G4,1225590.47
219,agent,G5,2421354.86
219,agent,G6,9350160.17
219,agent,G7,4909224.17
219,agent,G8,5593804.62
219,agent,G9,831225.18
219,firm,F0,141282972.84
219,firm,F1,58784631.66
219,firm,F2,103065729.51
219,firm,F3,97095981.87
219,firm,F4,123874616.73
219,firm,F5,82916628.82
219,firm,F6,132020641.16
219,firm,F7,69814734.00
219,firm,F8,65740159.37
219,firm,F9,135075240.69
220,agent,G0,4140030.23
220,agent,G1,2402459.87
220,agent,G2,3123979.40
220,agent,G3,1656479.45
220,agent,G4,1225590.47
220,agent,G5,2421354.86
220,agent,G6,9350160.17
220,agent,G7,5042417.21
220,agent,G8,5578489.62
220,agent,G9,472581.09
220,firm,F0,141282972.84
220,firm,F1,58784631.66
220,firm,F2,103118037.54
220,firm,F3,97095981.87
220,firm,F4,123874616.73
220,firm,F5,82916628.82
220,firm,F6,132020641.16
220,firm,F7,69830049.00
220,firm,F8,65766251.32
220,firm,F9,135075240.69
221,agent,G0,4208379.56
221,agent,G1,2446882.91
221,agent,G2,3123979.40
221,agent,G3,1656479.45
221,agent,G4,1225590.47
221,agent,G5,2217031.81
221,agent,G6,5275098.02
221,agent,G7,5042417.21
221,agent,G8,5578489.62
221,agent,G9,3877647.08
221,firm,F0,141282972.84
221,firm,F1,58784631.66
221,firm,F2,103118037.54
221,firm,F3,97765978.02
221,firm,F4,123874616.73
221,firm,F5,82916628.82
221,firm,F6,132020641.16
221,firm,F7,69830049.00
221,firm,F8,65766251.32
221,firm,F9,135250299.36
222,agent,G0,3739194.56
222,agent,G1,4660135.83
222,agent,G2,3123979.40
222,agent,G3,1656479.45
222,agent,G4,1225590.47
222,agent,G5,2217031.81
222,agent,G6,3003857.50
222,agent,G7,5042417.21
222,agent,G8,5702589.52
222,agent,G9,3877647.08
222,firm,F0,141282972.84
222,firm,F1,59107034.29
222,firm,F2,103118037.54
222,firm,F3,97765978.02
222,firm,F4,123955286.81
222,firm,F5,82916628.82
222,firm,F6,132020641.16
222,firm,F7,69830049.00
222,firm,F8,65766251.32
222,firm,F9,135719484.36
223,agent,G0,3739194.56
223,agent,G1,4500850.83
223,agent,G2,3123979.40
223,agent,G3,1656479.45
223,agent,G4,1265030.59
223,agent,G5,2217031.81
223,agent,G6,1705699.12
223,agent,G7,5002977.10
223,agent,G8,6807517.14
223,agent,G9,4342913.81
223,firm,F0,141282972.84
223,firm,F1,59107034.29
223,firm,F2,103118037.54
223,firm,F3,97959208.78
223,firm,F4,124114571.81
223,firm,F5,82916628.82
223,firm,F6,132107066.43
223,firm,F7,69830049.00
223,firm,F8,65766251.32
223,firm,F9,135719484.36
224,agent,G0,3408339.56
224,agent,G1,4592991.48
224,agent,G2,3123979.40
224,agent,G3,1656479.45
224,agent,G4,3365642.67
224,agent,G5,2217031.81
224,agent,G6,1705699.12
224,agent,G7,2812818.84
224,agent,G8,6807517.14
224,agent,G9,4342913.81
224,firm,F0,141282972.84
224,firm,F1,59484969.12
224,firm,F2,103448892.54
224,firm,F3,97959208.78
224,firm,F4,124114571.81
224,firm,F5,82916628.82
224,firm,F6,132107066.43
224,firm,F7,69830049.00
224,firm,F8,65766251.32
224,firm,F9,135809989.04
225,agent,G0,3408339.56
225,agent,G1,4674369.46
225,agent,G2,3123979.40
225,agent,G3,1656479.45
225,agent,G4,3284264.69
225,agent,G5,2217031.81
225,agent,G6,2626295.51
225,agent,G7,1418484.05
225,agent,G8,6807517.14
225,agent,G9,4342913.81
225,firm,F0,141282972.84
225,firm,F1,59635326.98
225,firm,F2,103448892.54
225,firm,F3,97959208.78
225,firm,F4,124114571.81
225,firm,F5,82916628.82
225,firm,F6,132107066.43
225,firm,F7,69830049.00
225,firm,F8,65766251.32
225,firm,F9,136142476.59
226,agent,G0,3408339.56
226,agent,G1,2665940.35
226,agent,G2,4840218.58
226,agent,G3,1656479.45
226,agent,G4,3210128.34
226,agent,G5,2217031.81
226,agent,G6,2626295.51
226,agent,G7,1220563.03
226,agent,G8,6807517.14
226,agent,G9,4342913.81
226,firm,F0,141282972.84
226,firm,F1,59635326.98
226,firm,F2,103448892.54
226,firm,F3,97959208.78
226,firm,F4,124141108.83
226,firm,F5,82916628.82
226,firm,F6,132107066.43
226,firm,F7,69830049.00
226,firm,F8,66463432.61
226,firm,F9,136142476.59
227,agent,G0,1939553.55
227,agent,G1,3923825.98
227,agent,G2,4840218.58
227,agent,G3,1686898.26
227,agent,G4,3210128.34
227,agent,G5,2217031.81
227,agent,G6,2626295.51
227,agent,G7,1232064.27
227,agent,G8,6807517.14
227,agent,G9,4291840.81
227,firm,F0,141282972.84
227,firm,F1,59635326.98
227,firm,F2,103448892.54
227,firm,F3,97959208.78
227,firm,F4,124141108.83
227,firm,F5,83136682.14
227,firm,F6,132158139.43
227,firm,F7,69830049.00
227,firm,F8,66463432.61
227,firm,F9,136142476.59
228,agent,G0,3350225.30
228,agent,G1,2182482.39
228,agent,G2,5043281.09
228,agent,G3,1686898.26
228,agent,G4,2987082.11
228,agent,G5,2217031.81
228,agent,G6,2626295.51
228,agent,G7,1232064.27
228,agent,G8,6807517.14
228,agent,G9,4291840.81
228,firm,F0,141282972.84
228,firm,F1,59635326.98
228,firm,F2,103486910.03
228,firm,F3,97959208.78
228,firm,F4,124141108.83
228,firm,F5,83402581.21
228,firm,F6,132158139.43
228,firm,F7,69830049.00
228,firm,F8,66463432.61
228,firm,F9,136430295.59
229,agent,G0,3350225.30
229,agent,G1,3241582.99
229,agent,G2,5043281.09
229,agent,G3,1673926.46
229,agent,G4,1646302.42
229,agent,G5,2615517.31
229,agent,G6,2626295.51
229,agent,G7,1245036.08
229,agent,G8,6807517.14
229,agent,G9,4291840.81
229,firm,F0,141641324.43
229,firm,F1,59635326.98
229,firm,F2,103486910.03
229,firm,F3,97959208.78
229,firm,F4,124141108.83
229,firm,F5,83402581.21
229,firm,F6,132158139.43
229,firm,F7,69830049.00
229,firm,F8,66463432.61
229,firm,F9,136430295.59
230,agent,G0,3350225.30
230,agent,G1,3241582.99
230,agent,G2,5083647.69
230,agent,G3,2657822.56
230,agent,G4,1646302.42
230,agent,G5,1484524.28
230,agent,G6,2626295.51
230,agent,G7,1204669.48
230,agent,G8,6807517.14
230,agent,G9,4291840.81
230,firm,F0,141810896.64
230,firm,F1,59635326.98
230,firm,F2,103486910.03
230,firm,F3,98160557.49
230,firm,F4,124141108.83
230,firm,F5,83402581.21
230,firm,F6,132158139.43
230,firm,F7,69830049.00
230,firm,F8,66463432.61
230,firm,F9,136430295.59
231,agent,G0,3350225.30
231,agent,G1,3241582.99
231,agent,G2,2856998.44
231,agent,G3,2670107.33
231,agent,G4,1646302.42
231,agent,G5,1484524.28
231,agent,G6,2626295.51
231,agent,G7,3023211.86
231,agent,G8,6807517.14
231,agent,G9,4291840.81
231,firm,F0,141810896.64
231,firm,F1,59644768.74
231,firm,F2,103486910.03
231,firm,F3,98546937.84
231,firm,F4,124189895.83
231,firm,F5,83402581.21
231,firm,F6,132158139.43
231,firm,F7,69830049.00
231,firm,F8,66463432.61
231,firm,F9,136430295.59
232,agent,G0,3350225.30
232,agent,G1,3192795.99
232,agent,G2,1605331.39
232,agent,G3,2683287.22
232,agent,G4,1646302.42
232,agent,G5,2518455.98
232,agent,G6,2626295.51
232,agent,G7,3010031.97
232,agent,G8,6905473.41
232,agent,G9,4291840.81
232,firm,F0,141810896.64
232,firm,F1,59644768.74
232,firm,F2,103486910.03
232,firm,F3,98565056.57
232,firm,F4,124189895.83
232,firm,F5,83451368.21
232,firm,F6,132158139.43
232,firm,F7,69830049.00
232,firm,F8,66463432.61
232,firm,F9,136648030.94
233,agent,G0,1950554.79
233,agent,G1,3192795.99
233,agent,G2,1270351.21
233,agent,G3,3938579.31
233,agent,G4,1646302.42
233,agent,G5,2392367.77
233,agent,G6,2626295.51
233,agent,G7,3010031.97
233,agent,G8,6905473.41
233,agent,G9,4291840.81
233,firm,F0,141838963.82
233,firm,F1,59644768.74
233,firm,F2,103962068.03
233,firm,F3,98565056.57
233,firm,F4,124460362.46
233,firm,F5,83451368.21
233,firm,F6,132158139.43
233,firm,F7,69830049.00
233,firm,F8,66463432.61
233,firm,F9,136648030.94
234,agent,G0,1950554.79
234,agent,G1,3192795.99
234,agent,G2,1193200.54
234,agent,G3,3980354.31
234,agent,G4,1646302.42
234,agent,G5,2392367.77
234,agent,G6,2626295.51
234,agent,G7,3010031.97
234,agent,G8,8483066.85
234,agent,G9,2435961.59
234,firm,F0,142038257.49
234,firm,F1,59644768.74
234,firm,F2,103962068.03
234,firm,F3,98565056.57
234,firm,F4,124460362.46
234,firm,F5,83451368.21
234,firm,F6,132158139.43
234,firm,F7,69830049.00
234,firm,F8,66741718.39
234,firm,F9,136648030.94
235,agent,G0,1950554.79
235,agent,G1,3192795.99
235,agent,G2,719000.54
235,agent,G3,3980354.31
235,agent,G4,2781278.44
235,agent,G5,2392367.77
235,agent,G6,2626295.51
235,agent,G7,1763248.96
235,agent,G8,8483066.85
235,agent,G9,2706608.02
235,firm,F0,142512457.49
235,firm,F1,59887908.45
235,firm,F2,103962068.03
235,firm,F3,98565056.57
235,firm,F4,124460362.46
235,firm,F5,83451368.21
235,firm,F6,132158139.43
235,firm,F7,69830049.00
235,firm,F8,66741718.39
235,firm,F9,136720251.80
236,agent,G0,2075541.29
236,agent,G1,1815255.79
236,agent,G2,719000.54
236,agent,G3,3980354.31
236,agent,G4,3008401.73
236,agent,G5,2968919.86
236,agent,G6,2626295.51
236,agent,G7,1763248.96
236,agent,G8,8483066.85
236,agent,G9,2706608.02
236,firm,F0,142987615.49
236,firm,F1,59887908.45
236,firm,F2,104006400.74
236,firm,F3,98565056.57
236,firm,F4,124460362.46
236,firm,F5,83451368.21
236,firm,F6,132158139.43
236,firm,F7,69830049.00
236,firm,F8,66942562.00
236,firm,F9,136720251.80
237,agent,G0,2089807.00
237,agent,G1,1815255.79
237,agent,G2,719000.54
237,agent,G3,3980354.31
237,agent,G4,1711741.67
237,agent,G5,4078981.18
237,agent,G6,2663933.53
237,agent,G7,1763248.96
237,agent,G8,8483066.85
237,agent,G9,2642949.02
237,firm,F0,142987615.49
237,firm,F1,59887908.45
237,firm,F2,104006400.74
237,firm,F3,98565056.57
237,firm,F4,124472117.73
237,firm,F5,83451368.21
237,firm,F6,132158139.43
237,firm,F7,69830049.00
237,firm,F8,67129160.75
237,firm,F9,136783910.80
238,agent,G0,2089807.00
238,agent,G1,1815255.79
238,agent,G2,751732.63
238,agent,G3,3991291.31
238,agent,G4,1711741.67
238,agent,G5,4078981.18
238,agent,G6,2615146.53
238,agent,G7,1752311.95
238,agent,G8,8483066.85
238,agent,G9,2642949.02
238,firm,F0,142987615.49
238,firm,F1,59887908.45
238,firm,F2,104006400.74
238,firm,F3,98618050.59
238,firm,F4,124520904.73
238,firm,F5,83451368.21
238,firm,F6,132158139.43
238,firm,F7,69830049.00
238,firm,F8,67129160.75
238,firm,F9,136801878.68
239,agent,G0,2089807.00
239,agent,G1,1815255.79
239,agent,G2,751732.63
239,agent,G3,4319457.24
239,agent,G4,965602.99
239,agent,G5,4078981.18
239,agent,G6,3238401.19
239,agent,G7,1690563.87
239,agent,G8,8483066.85
239,agent,G9,2642949.02
239,firm,F0,142987615.49
239,firm,F1,59936695.45
239,firm,F2,104006400.74
239,firm,F3,98618050.59
239,firm,F4,124520904.73
239,firm,F5,83451368.21
239,firm,F6,132220895.59
239,firm,F7,69830049.00
239,firm,F8,67252044.76
239,firm,F9,136801878.68
240,agent,G0,2115858.35
240,agent,G1,1028598.10
240,agent,G2,1287534.22
240,agent,G3,4583803.59
240,agent,G4,965602.99
240,agent,G5,4078981.18
240,agent,G6,3238401.19
240,agent,G7,1690563.87
240,agent,G8,8483066.85
240,agent,G9,2642949.02
240,firm,F0,142987615.49
240,firm,F1,60057806.21
240,firm,F2,104006400.74
240,firm,F3,98618050.59
240,firm,F4,124520904.73
240,firm,F5,83451368.21
240,firm,F6,132272695.24
240,firm,F7,69830049.00
240,firm,F8,67252044.76
240,firm,F9,136905572.68
241,agent,G0,2592005.42
241,agent,G1,1028598.10
241,agent,G2,739213.69
241,agent,G3,4536411.01
241,agent,G4,965602.99
241,agent,G5,4078981.18
241,agent,G6,3238401.19
241,agent,G7,1690563.87
241,agent,G8,8483066.85
241,agent,G9,2642949.02
241,firm,F0,142987615.49
241,firm,F1,60057806.21
241,firm,F2,104006400.74
241,firm,F3,98618050.59
241,firm,F4,124520904.73
241,firm,F5,83451368.21
241,firm,F6,132496577.56
241,firm,F7,69830049.00
241,firm,F8,67252044.76
241,firm,F9,136925166.40
242,agent,G0,4216339.72
242,agent,G1,1028598.10
242,agent,G2,739213.69
242,agent,G3,4420336.01
242,agent,G4,965602.99
242,agent,G5,2296336.39
242,agent,G6,3238401.19
242,agent,G7,1690563.87
242,agent,G8,8455356.78
242,agent,G9,2642949.02
242,firm,F0,143289720.12
242,firm,F1,60078623.13
242,firm,F2,104006400.74
242,firm,F3,98734125.59
242,firm,F4,124520904.73
242,firm,F5,83451368.21
242,firm,F6,132496577.56
242,firm,F7,69830049.00
242,firm,F8,67252044.76
242,firm,F9,136925166.40
243,agent,G0,4216339.72
243,agent,G1,618748.66
243,agent,G2,739213.69
243,agent,G3,4148880.01
243,agent,G4,1029786.23
243,agent,G5,2296336.39
243,agent,G6,3238401.19
243,agent,G7,2090136.01
243,agent,G8,8455356.78
243,agent,G9,2642949.02
243,firm,F0,143289720.12
243,firm,F1,60078623.13
243,firm,F2,104006400.74
243,firm,F3,98734125.59
243,firm,F4,124520904.73
243,firm,F5,83483558.47
243,firm,F6,132768033.56
243,firm,F7,69907610.80
243,firm,F8,67252044.76
243,firm,F9,136925166.40
244,agent,G0,4216339.72
244,agent,G1,645793.73
244,agent,G2,1700729.27
244,agent,G3,4025564.68
244,agent,G4,989443.56
244,agent,G5,2296336.39
244,agent,G6,3238401.19
244,agent,G7,2090136.01
244,agent,G8,8455356.78
244,agent,G9,1490105.38
244,firm,F0,143289720.12
244,firm,F1,60084932.05
244,firm,F2,104006400.74
244,firm,F3,98734125.59
244,firm,F4,124520904.73
244,firm,F5,83483558.47
244,firm,F6,132768033.56
244,firm,F7,69907610.80
244,firm,F8,67443372.82
244,firm,F9,137088824.40
245,agent,G0,4052681.72
245,agent,G1,645793.73
245,agent,G2,1700729.27
245,agent,G3,4071030.99
245,agent,G4,943977.25
245,agent,G5,2296336.39
245,agent,G6,3131794.62
245,agent,G7,2090136.01
245,agent,G8,8455356.78
245,agent,G9,1490105.38
245,firm,F0,143289720.12
245,firm,F1,60248590.05
245,firm,F2,104244299.31
245,firm,F3,98734125.59
245,firm,F4,124520904.73
245,firm,F5,83483558.47
245,firm,F6,132768033.56
245,firm,F7,69907610.80
245,firm,F8,67443372.82
245,firm,F9,137088824.40
246,agent,G0,4052681.72
246,agent,G1,586157.40
246,agent,G2,1700729.27
246,agent,G3,4071030.99
246,agent,G4,4013937.61
246,agent,G5,2296336.39
246,agent,G6,3131794.62
246,agent,G7,2090136.01
246,agent,G8,4770184.55
246,agent,G9,1490105.38
246,firm,F0,143289720.12
246,firm,F1,60326670.05
246,firm,F2,104919147.53
246,firm,F3,98734125.59
246,firm,F4,124520904.73
246,firm,F5,83483558.47
246,firm,F6,132768033.56
246,firm,F7,69907610.80
246,firm,F8,67443372.82
246,firm,F9,137088824.40
247,agent,G0,4052681.72
247,agent,G1,586157.40
247,agent,G2,1700729.27
247,agent,G3,3824399.70
247,agent,G4,3519712.61
247,agent,G5,2296336.39
247,agent,G6,3265451.23
247,agent,G7,2090136.01
247,agent,G8,5040637.49
247,agent,G9,1490105.38
247,firm,F0,143379835.56
247,firm,F1,60326670.05
247,firm,F2,104919147.53
247,firm,F3,98734125.59
247,firm,F4,124767536.02
247,firm,F5,83977783.47
247,firm,F6,132768033.56
247,firm,F7,69907610.80
247,firm,F8,67443372.82
247,firm,F9,137088824.40
248,agent,G0,5888422.67
248,agent,G1,656560.01
248,agent,G2,1700729.27
248,agent,G3,3824399.70
248,agent,G4,3471444.99
248,agent,G5,2296336.39
248,agent,G6,2993995.23
248,agent,G7,2090136.01
248,agent,G8,2843868.46
248,agent,G9,1490105.38
248,firm,F0,143740863.64
248,firm,F1,60326670.05
248,firm,F2,105190603.53
248,firm,F3,98738988.60
248,firm,F4,124767536.02
248,firm,F5,83977783.47
248,firm,F6,132768033.56
248,firm,F7,69907610.80
248,firm,F8,67443372.82
248,firm,F9,137088824.40
249,agent,G0,5914235.20
249,agent,G1,733943.66
249,agent,G2,1700729.27
249,agent,G3,5037659.14
249,agent,G4,1884333.43
249,agent,G5,2296336.39
249,agent,G6,2993995.23
249,agent,G7,2090136.01
249,agent,G8,2818055.93
249,agent,G9,1490105.38
249,firm,F0,143740863.64
249,firm,F1,60326670.05
249,firm,F2,105190603.53
249,firm,F3,99112840.72
249,firm,F4,124767536.02
249,firm,F5,83977783.47
249,firm,F6,132768033.56
249,firm,F7,69922892.15
249,firm,F8,67443372.82
249,firm,F9,137088824.40
250,agent,G0,6422302.04
250,agent,G1,733943.66
250,agent,G2,1700729.27
250,agent,G3,6192483.55
250,agent,G4,1884333.43
250,agent,G5,2296336.39
250,agent,G6,1781145.33
250,agent,G7,2090136.01
250,agent,G8,2186221.61
250,agent,G9,1490105.38
250,firm,F0,144235088.64
250,firm,F1,60326670.05
250,firm,F2,105190603.53
250,firm,F3,99112840.72
250,firm,F4,124767536.02
250,firm,F5,84173418.28
250,firm,F6,132768033.56
250,firm,F7,69922892.15
250,firm,F8,67443372.82
250,firm,F9,137213298.56
251,agent,G0,6316121.56
251,agent,G1,733943.66
251,agent,G2,1700729.27
251,agent,G3,6274833.70
251,agent,G4,1884333.43
251,agent,G5,2296336.39
251,agent,G6,1000272.81
251,agent,G7,2090136.01
251,agent,G8,2186221.61
251,agent,G9,2134149.12
251,firm,F0,144235088.64
251,firm,F1,60326670.05
251,firm,F2,105190603.53
251,firm,F3,99112840.72
251,firm,F4,124767536.02
251,firm,F5,84173418.28
251,firm,F6,132768033.56
251,firm,F7,69922892.15
251,firm,F8,67604031.94
251,firm,F9,137356547.56
252,agent,G0,6316121.56
252,agent,G1,751724.46
252,agent,G2,1700729.27
252,agent,G3,6574566.56
252,agent,G4,1884333.43
252,agent,G5,2296336.39
252,agent,G6,1000272.81
252,agent,G7,2090136.01
252,agent,G8,2090360.81
252,agent,G9,1966178.06
252,firm,F0,144235088.64
252,firm,F1,60326670.05
252,firm,F2,105436654.59
252,firm,F3,99112840.72
252,firm,F4,124767536.02
252,firm,F5,84173418.28
252,firm,F6,132768033.56
252,firm,F7,69922892.15
252,firm,F8,67658416.08
252,firm,F9,137356547.56
253,agent,G0,3566301.84
253,agent,G1,751724.46
253,agent,G2,1700729.27
253,agent,G3,6398054.52
253,agent,G4,1884333.43
253,agent,G5,4592761.31
253,agent,G6,1000272.81
253,agent,G7,2090136.01
253,agent,G8,2090360.81
253,agent,G9,2009332.52
253,firm,F0,144235088.64
253,firm,F1,60326670.05
253,firm,F2,105436654.59
253,firm,F3,99112840.72
253,firm,F4,124767536.02
253,firm,F5,84173418.28
253,firm,F6,132768033.56
253,firm,F7,69922892.15
253,firm,F8,67801665.08
253,firm,F9,137851993.92
254,agent,G0,3592006.84
254,agent,G1,751724.46
254,agent,G2,1700729.27
254,agent,G3,6281979.52
254,agent,G4,1884333.43
254,agent,G5,4637595.21
254,agent,G6,1000272.81
254,agent,G7,2832748.04
254,agent,G8,2064655.81
254,agent,G9,1144478.54
254,firm,F0,144235088.64
254,firm,F1,60326670.05
254,firm,F2,105558896.53
254,firm,F3,99112840.72
254,firm,F4,124767536.02
254,firm,F5,84173418.28
254,firm,F6,132776747.66
254,firm,F7,69922892.15
254,firm,F8,67917740.08
254,firm,F9,137851993.92
255,agent,G0,3592006.84
255,agent,G1,346422.37
255,agent,G2,1700729.27
255,agent,G3,6366954.02
255,agent,G4,1884333.43
255,agent,G5,4637595.21
255,agent,G6,1000272.81
255,agent,G7,2832748.04
255,agent,G8,2322878.96
255,agent,G9,1144478.54
255,firm,F0,144235088.64
255,firm,F1,60366463.08
255,firm,F2,105558896.53
255,firm,F3,99112840.72
255,firm,F4,124767536.02
255,firm,F5,84173418.28
255,firm,F6,132799059.09
255,firm,F7,70064085.15
255,firm,F8,67917740.08
255,firm,F9,137851993.92
256,agent,G0,4480862.08
256,agent,G1,346422.37
256,agent,G2,1700729.27
256,agent,G3,6366954.02
256,agent,G4,1884333.43
256,agent,G5,4637595.21
256,agent,G6,1039198.70
256,agent,G7,2832748.04
256,agent,G8,1373290.26
256,agent,G9,981804.54
256,firm,F0,144235088.64
256,firm,F1,60366463.08
256,firm,F2,105718926.12
256,firm,F3,99112840.72
256,firm,F4,124791987.99
256,firm,F5,84173418.28
256,firm,F6,132799059.09
256,firm,F7,70064085.15
256,firm,F8,67917740.08
256,firm,F9,138014667.92
257,agent,G0,4480862.08
257,agent,G1,353630.76
257,agent,G2,953815.24
257,agent,G3,6366954.02
257,agent,G4,1850127.04
257,agent,G5,5251264.59
257,agent,G6,1039198.70
257,agent,G7,2832748.04
257,agent,G8,1373290.26
257,agent,G9,1225840.71
257,firm,F0,144235088.64
257,firm,F1,60366463.08
257,firm,F2,105718926.12
257,firm,F3,99139838.72
257,firm,F4,124925232.64
257,firm,F5,84173418.28
257,firm,F6,132799059.09
257,firm,F7,70064085.15
257,firm,F8,67917740.08
257,firm,F9,138062558.75
258,agent,G0,4480862.08
258,agent,G1,396834.27
258,agent,G2,953815.24
258,agent,G3,5884371.85
258,agent,G4,1850127.04
258,agent,G5,5271948.74
258,agent,G6,1039198.70
258,agent,G7,2832748.04
258,agent,G8,1373290.26
258,agent,G9,1225840.71
258,firm,F0,144250595.99
258,firm,F1,60366463.08
258,firm,F2,105718926.12
258,firm,F3,99139838.72
258,firm,F4,124925232.64
258,firm,F5,84576605.45
258,firm,F6,132878454.09
258,firm,F7,70064085.15
258,firm,F8,67917740.08
258,firm,F9,138062558.75
259,agent,G0,4480862.08
259,agent,G1,353452.46
259,agent,G2,953815.24
259,agent,G3,5920356.89
259,agent,G4,1850127.04
259,agent,G5,5271948.74
259,agent,G6,1084335.09
259,agent,G7,2927063.10
259,agent,G8,1165479.88
259,agent,G9,1225840.71
259,firm,F0,144250595.99
259,firm,F1,60386025.02
259,firm,F2,105718926.12
259,firm,F3,99302512.72
259,firm,F4,124925232.64
259,firm,F5,84576605.45
259,firm,F6,132878454.09
259,firm,F7,70064085.15
259,firm,F8,67925136.85
259,firm,F9,138062558.75
260,agent,G0,4480862.08
260,agent,G1,701120.38
260,agent,G2,538430.97
260,agent,G3,5920356.89
260,agent,G4,1850127.04
260,agent,G5,5299962.97
260,agent,G6,1084335.09
260,agent,G7,2878772.10
260,agent,G8,1178438.08
260,agent,G9,1225840.71
260,firm,F0,144250595.99
260,firm,F1,60441634.58
260,firm,F2,105718926.12
260,firm,F3,99302512.72
260,firm,F4,124925232.64
260,firm,F5,84576605.45
260,firm,F6,132878454.09
260,firm,F7,70064085.15
260,firm,F8,67992853.19
260,firm,F9,138062558.75
261,agent,G0,4377756.18
261,agent,G1,701120.38
261,agent,G2,538430.97
261,agent,G3,5920356.89
261,agent,G4,1850127.04
261,agent,G5,5299962.97
261,agent,G6,1084335.09
261,agent,G7,3338812.60
261,agent,G8,1178438.08
261,agent,G9,402533.71
261,firm,F0,144250595.99
261,firm,F1,60441634.58
261,firm,F2,105718926.12
261,firm,F3,99302512.72
261,firm,F4,124925232.64
261,firm,F5,84576605.45
261,firm,F6,132878454.09
261,firm,F7,70064085.15
261,firm,F8,67992853.19
261,firm,F9,139352238.15
262,agent,G0,4441526.77
262,agent,G1,701120.38
262,agent,G2,538430.97
262,agent,G3,5920356.89
262,agent,G4,1052896.17
262,agent,G5,5286029.84
262,agent,G6,1084335.09
262,agent,G7,3285264.60
262,agent,G8,1178438.08
262,agent,G9,1085404.48
262,firm,F0,144364956.09
262,firm,F1,60441634.58
262,firm,F2,105718926.12
262,firm,F3,99302512.72
262,firm,F4,124936165.18
262,firm,F5,84576605.45
262,firm,F6,132878454.09
262,firm,F7,70064085.15
262,firm,F8,67992853.19
262,firm,F9,139405786.15
263,agent,G0,4708634.21
263,agent,G1,487530.06
263,agent,G2,538430.97
263,agent,G3,5920356.89
263,agent,G4,1052896.17
263,agent,G5,5274274.68
263,agent,G6,1084335.09
263,agent,G7,3285264.60
263,agent,G8,1190193.25
263,agent,G9,1085404.48
263,firm,F0,144364956.09
263,firm,F1,60441634.58
263,firm,F2,105718926.12
263,firm,F3,99302512.72
263,firm,F4,125042185.75
263,firm,F5,84576605.45
263,firm,F6,132878454.09
263,firm,F7,70064085.15
263,firm,F8,67992853.19
263,firm,F9,139442824.46
264,agent,G0,4721721.14
264,agent,G1,510383.01
264,agent,G2,538430.97
264,agent,G3,5920356.89
264,agent,G4,1052896.17
264,agent,G5,5207639.75
264,agent,G6,617873.56
264,agent,G7,3686271.14
264,agent,G8,1190193.25
264,agent,G9,1085404.48
264,firm,F0,144364956.09
264,firm,F1,60441634.58
264,firm,F2,105784381.10
264,firm,F3,99302512.72
264,firm,F4,125042185.75
264,firm,F5,84576605.45
264,firm,F6,132936991.14
264,firm,F7,70064085.15
264,firm,F8,67992853.19
264,firm,F9,139442824.46
265,agent,G0,4721721.14
265,agent,G1,510383.01
265,agent,G2,488625.72
265,agent,G3,5920356.89
265,agent,G4,609129.58
265,agent,G5,5207639.75
265,agent,G6,617873.56
265,agent,G7,4078691.87
265,agent,G8,1190193.25
265,agent,G9,1085404.48
265,firm,F0,144364956.09
265,firm,F1,60573460.77
265,firm,F2,105784381.10
265,firm,F3,99302512.72
265,firm,F4,125042185.75
265,firm,F5,84576605.45
265,firm,F6,132936991.14
265,firm,F7,70146079.09
265,firm,F8,67992853.19
265,firm,F9,139442824.46
266,agent,G0,4766292.59
266,agent,G1,429390.68
266,agent,G2,435472.02
266,agent,G3,5920356.89
266,agent,G4,609129.58
266,agent,G5,5253517.75
266,agent,G6,617873.56
266,agent,G7,4078691.87
266,agent,G8,1190193.25
266,agent,G9,1085404.48
266,firm,F0,144548906.09
266,firm,F1,60573460.77
266,firm,F2,105784381.10
266,firm,F3,99302512.72
266,firm,F4,125042185.75
266,firm,F5,84576605.45
266,firm,F6,132972105.47
266,firm,F7,70146079.09
266,firm,F8,67992853.19
266,firm,F9,139451406.69
267,agent,G0,4766292.59
267,agent,G1,266716.68
267,agent,G2,435472.02
267,agent,G3,6319415.80
267,agent,G4,609129.58
267,agent,G5,6138677.42
267,agent,G6,657181.22
267,agent,G7,4078691.87
267,agent,G8,1150885.58
267,agent,G9,616139.80
267,firm,F0,144548906.09
267,firm,F1,60573460.77
267,firm,F2,105989800.43
267,firm,F3,99302512.72
267,firm,F4,125042185.75
267,firm,F5,84576605.45
267,firm,F6,133134779.47
267,firm,F7,70146079.09
267,firm,F8,68063058.96
267,firm,F9,139451406.69
268,agent,G0,4766292.59
268,agent,G1,266716.68
268,agent,G2,435472.02
268,agent,G3,8110428.74
268,agent,G4,609129.58
268,agent,G5,4757895.69
268,agent,G6,786241.36
268,agent,G7,2316548.59
268,agent,G8,1150885.58
268,agent,G9,616139.80
268,firm,F0,144548906.09
268,firm,F1,60573460.77
268,firm,F2,107080379.43
268,firm,F3,99302512.72
268,firm,F4,125042185.75
268,firm,F5,84576605.45
268,firm,F6,133134779.47
268,firm,F7,70432138.02
268,firm,F8,68063058.96
268,firm,F9,139451406.69
269,agent,G0,4766292.59
269,agent,G1,266716.68
269,agent,G2,435472.02
269,agent,G3,8341016.12
269,agent,G4,671987.92
269,agent,G5,4757895.69
269,agent,G6,683503.36
269,agent,G7,2316548.59
269,agent,G8,1150885.58
269,agent,G9,358621.48
269,firm,F0,144548906.09
269,firm,F1,60573460.77
269,firm,F2,107131341.07
269,firm,F3,99302512.72
269,firm,F4,125042185.75
269,firm,F5,84576605.45
269,firm,F6,133134779.47
269,firm,F7,70550724.98
269,firm,F8,68063058.96
269,firm,F9,139451406.69
270,agent,G0,4766292.59
270,agent,G1,17151.20
270,agent,G2,2222188.70
270,agent,G3,8341016.12
270,agent,G4,724977.40
270,agent,G5,2682549.44
270,agent,G6,683503.36
270,agent,G7,2316548.59
270,agent,G8,1150885.58
270,agent,G9,358621.48
270,firm,F0,144548906.09
270,firm,F1,60583870.40
270,firm,F2,107131341.07
270,firm,F3,99302512.72
270,firm,F4,125042185.75
270,firm,F5,84576605.45
270,firm,F6,133331355.47
270,firm,F7,70895100.93
270,firm,F8,68063058.96
270,firm,F9,139451406.69
271,agent,G0,4766292.59
271,agent,G1,-31139.80
271,agent,G2,2222188.70
271,agent,G3,8341016.12
271,agent,G4,1694291.56
271,agent,G5,1506491.41
271,agent,G6,683503.36
271,agent,G7,2316548.59
271,agent,G8,1162432.84
271,agent,G9,358621.48
271,firm,F0,144548906.09
271,firm,F1,60583870.40
271,firm,F2,107131341.07
271,firm,F3,99302512.72
271,firm,F4,125042185.75
271,firm,F5,84579987.37
271,firm,F6,133331355.47
271,firm,F7,70895100.93
271,firm,F8,68273139.67
271,firm,F9,139499697.69
272,agent,G0,4766292.59
272,agent,G1,-27773.80
272,agent,G2,2222188.70
272,agent,G3,8341016.12
272,agent,G4,1694291.56
272,agent,G5,1506491.41
272,agent,G6,683503.36
272,agent,G7,2313686.63
272,agent,G8,1162432.84
272,agent,G9,358621.48
272,firm,F0,144548906.09
272,firm,F1,60583870.40
272,firm,F2,107131341.07
272,firm,F3,99302512.72
272,firm,F4,125042185.75
272,firm,F5,84579483.32
272,firm,F6,133331355.47
272,firm,F7,70895100.93
272,firm,F8,68273139.67
272,firm,F9,139499697.69
273,agent,G0,4766292.59
273,agent,G1,-27773.80
273,agent,G2,2059514.70
273,agent,G3,8341016.12
273,agent,G4,1694291.56
273,agent,G5,1506491.41
273,agent,G6,726976.27
273,agent,G7,2346669.98
273,agent,G8,1163737.55
273,agent,G9,319880.53
273,firm,F0,144548906.09
273,firm,F1,60746544.40
273,firm,F2,107131341.07
273,firm,F3,99302512.72
273,firm,F4,125047943.34
273,firm,F5,84579483.32
273,firm,F6,133331355.47
273,firm,F7,70895100.93
273,firm,F8,68273139.67
273,firm,F9,139507783.08
274,agent,G0,4766292.59
274,agent,G1,-27773.80
274,agent,G2,2059514.70
274,agent,G3,8341016.12
274,agent,G4,1992861.63
274,agent,G5,1506491.41
274,agent,G6,741300.79
274,agent,G7,2346669.98
274,agent,G8,1149413.03
274,agent,G9,319880.53
274,firm,F0,144648969.77
274,firm,F1,60916225.64
274,firm,F2,107131341.07
274,firm,F3,99302512.72
274,firm,F4,125047943.34
274,firm,F5,84579483.32
274,firm,F6,133331355.47
274,firm,F7,70947963.93
274,firm,F8,68273139.67
274,firm,F9,139507783.08
275,agent,G0,4769948.31
275,agent,G1,-27773.80
275,agent,G2,2477164.86
275,agent,G3,8341016.12
275,agent,G4,1992861.63
275,agent,G5,1453628.41
275,agent,G6,755573.25
275,agent,G7,2346669.98
275,agent,G8,644678.28
275,agent,G9,319880.53
275,firm,F0,144648969.77
275,firm,F1,60969088.64
275,firm,F2,107131341.07
275,firm,F3,99302512.72
275,firm,F4,125120755.47
275,firm,F5,84579483.32
275,firm,F6,133331355.47
275,firm,F7,70947963.93
275,firm,F8,68273139.67
275,firm,F9,139508593.36
276,agent,G0,4767429.87
276,agent,G1,-24737.48
276,agent,G2,2477164.86
276,agent,G3,8341016.12
276,agent,G4,1974595.63
276,agent,G5,1449585.68
276,agent,G6,759615.98
276,agent,G7,2346669.98
276,agent,G8,644678.28
276,agent,G9,346331.57
276,firm,F0,144667235.77
276,firm,F1,60969088.64
276,firm,F2,107137347.03
276,firm,F3,99302512.72
276,firm,F4,125120237.59
276,firm,F5,84579483.32
276,firm,F6,133331355.47
276,firm,F7,70947963.93
276,firm,F8,68273139.67
276,firm,F9,139508593.36
277,agent,G0,4767429.87
277,agent,G1,-22021.49
277,agent,G2,2477164.86
277,agent,G3,8341016.12
277,agent,G4,1974595.63
277,agent,G5,1449585.68
277,agent,G6,808735.22
277,agent,G7,2346669.98
277,agent,G8,575680.61
277,agent,G9,346331.57
277,firm,F0,144667235.77
277,firm,F1,60968604.16
277,firm,F2,107137347.03
277,firm,F3,99302512.72
277,firm,F4,125120237.59
277,firm,F5,84588187.25
277,firm,F6,133331355.47
277,firm,F7,70947963.93
277,firm,F8,68273139.67
277,firm,F9,139561456.36
278,agent,G0,2671328.12
278,agent,G1,1695820.65
278,agent,G2,2477164.86
278,agent,G3,8697032.32
278,agent,G4,1974595.63
278,agent,G5,1445100.91
278,agent,G6,813219.99
278,agent,G7,2346669.98
278,agent,G8,575680.61
278,agent,G9,328065.57
278,firm,F0,145045495.38
278,firm,F1,60968604.16
278,firm,F2,107155613.03
278,firm,F3,99302512.72
278,firm,F4,125200164.39
278,firm,F5,84588187.25
278,firm,F6,133331355.47
278,firm,F7,70947963.93
278,firm,F8,68273139.67
278,firm,F9,139561456.36
279,agent,G0,1511839.22
279,agent,G1,1695820.65
279,agent,G2,2688154.90
279,agent,G3,8697032.32
279,agent,G4,1974595.63
279,agent,G5,1445100.91
279,agent,G6,1736761.16
279,agent,G7,2346669.98
279,agent,G8,585793.04
279,agent,G9,328065.57
279,firm,F0,145045495.38
279,firm,F1,60968604.16
279,firm,F2,107155613.03
279,firm,F3,99302512.72
279,firm,F4,125200164.39
279,firm,F5,84632107.25
279,firm,F6,133372859.43
279,firm,F7,70947963.93
279,firm,F8,68455054.97
279,firm,F9,139561456.36
280,agent,G0,1510725.74
280,agent,G1,966543.50
280,agent,G2,2688154.90
280,agent,G3,8692566.32
280,agent,G4,1974595.63
280,agent,G5,2072480.28
280,agent,G6,1736761.16
280,agent,G7,2346669.98
280,agent,G8,585793.04
280,agent,G9,361994.63
280,firm,F0,145045495.38
280,firm,F1,60968604.16
280,firm,F2,107257510.81
280,firm,F3,99302512.72
280,firm,F4,125204630.39
280,firm,F5,84632107.25
280,firm,F6,133372859.43
280,firm,F7,70947963.93
280,firm,F8,68463190.39
280,firm,F9,139561456.36
281,agent,G0,1469774.74
281,agent,G1,1704862.51
281,agent,G2,2688154.90
281,agent,G3,8692566.32
281,agent,G4,1122880.36
281,agent,G5,2072480.28
281,agent,G6,1755876.38
281,agent,G7,2346669.98
281,agent,G8,585793.04
281,agent,G9,351636.86
281,firm,F0,145045495.38
281,firm,F1,60968604.16
281,firm,F2,107257510.81
281,firm,F3,99426266.76
281,firm,F4,125204630.39
281,firm,F5,84636226.02
281,firm,F6,133372859.43
281,firm,F7,70947963.93
281,firm,F8,68463190.39
281,firm,F9,139602407.36
282,agent,G0,1469774.74
282,agent,G1,1704862.51
282,agent,G2,2688154.90
282,agent,G3,4920287.35
282,agent,G4,1122880.36
282,agent,G5,2072480.28
282,agent,G6,4950569.92
282,agent,G7,2346669.98
282,agent,G8,601909.49
282,agent,G9,351636.86
282,firm,F0,145045495.38
282,firm,F1,61041793.27
282,firm,F2,107257510.81
282,firm,F3,99426266.76
282,firm,F4,125204630.39
282,firm,F5,84636226.02
282,firm,F6,133372859.43
282,firm,F7,70947963.93
282,firm,F8,69053695.26
282,firm,F9,139602407.36
283,agent,G0,1469774.74
283,agent,G1,1715633.73
283,agent,G2,2647203.90
283,agent,G3,4920287.35
283,agent,G4,1122880.36
283,agent,G5,2072480.28
283,agent,G6,4950569.92
283,agent,G7,2383359.12
283,agent,G8,601909.49
283,agent,G9,361315.08
283,firm,F0,145045495.38
283,firm,F1,61056775.48
283,firm,F2,107257510.81
283,firm,F3,99426266.76
283,firm,F4,125212408.60
283,firm,F5,84636226.02
283,firm,F6,133413810.43
283,firm,F7,70947963.93
283,firm,F8,69053695.26
283,firm,F9,139602407.36
284,agent,G0,1877788.56
284,agent,G1,1715633.73
284,agent,G2,2647203.90
284,agent,G3,4920287.35
284,agent,G4,632589.89
284,agent,G5,2072480.28
284,agent,G6,4950569.92
284,agent,G7,2397026.81
284,agent,G8,601909.49
284,agent,G9,343596.74
284,firm,F0,145045495.38
284,firm,F1,61080520.48
284,firm,F2,107257510.81
284,firm,F3,99426266.76
284,firm,F4,125212408.60
284,firm,F5,84636226.02
284,firm,F6,133413810.43
284,firm,F7,70952014.57
284,firm,F8,69135971.91
284,firm,F9,139602407.36
285,agent,G0,1877788.56
285,agent,G1,1715633.73
285,agent,G2,1494793.85
285,agent,G3,5885640.43
285,agent,G4,632589.89
285,agent,G5,2068091.79
285,agent,G6,4954958.41
285,agent,G7,2659760.64
285,agent,G8,601909.49
285,agent,G9,343596.74
285,firm,F0,145045495.38
285,firm,F1,61080520.48
285,firm,F2,107257510.81
285,firm,F3,99426266.76
285,firm,F4,125212408.60
285,firm,F5,84636226.02
285,firm,F6,133600867.41
285,firm,F7,70952014.57
285,firm,F8,69221547.07
285,firm,F9,139602407.36
286,agent,G0,1877788.56
286,agent,G1,1725006.62
286,agent,G2,986038.96
286,agent,G3,6522110.14
286,agent,G4,632589.89
286,agent,G5,2068091.79
286,agent,G6,4954958.41
286,agent,G7,2659760.64
286,agent,G8,560958.49
286,agent,G9,334223.85
286,firm,F0,145108558.00
286,firm,F1,61205858.04
286,firm,F2,107257510.81
286,firm,F3,99426266.76
286,firm,F4,125212408.60
286,firm,F5,84636226.02
286,firm,F6,133600867.41
286,firm,F7,70952014.57
286,firm,F8,69221547.07
286,firm,F9,139643358.36
287,agent,G0,1877788.56
287,agent,G1,1725006.62
287,agent,G2,986038.96
287,agent,G3,6522110.14
287,agent,G4,359570.62
287,agent,G5,2301144.43
287,agent,G6,4954958.41
287,agent,G7,2653945.02
287,agent,G8,560958.49
287,agent,G9,399087.81
287,firm,F0,145108558.00
287,firm,F1,61205858.04
287,firm,F2,107297477.45
287,firm,F3,99426266.76
287,firm,F4,125212408.60
287,firm,F5,84677951.68
287,firm,F6,133600867.41
287,firm,F7,70952014.57
287,firm,F8,69221547.07
287,firm,F9,139643358.36
288,agent,G0,1877788.56
288,agent,G1,1734987.99
288,agent,G2,986038.96
288,agent,G3,6522110.14
288,agent,G4,354136.00
288,agent,G5,2301144.43
288,agent,G6,4914007.41
288,agent,G7,2711708.01
288,agent,G8,560958.49
288,agent,G9,389106.45
288,firm,F0,145108558.00
288,firm,F1,61205858.04
288,firm,F2,107297477.45
288,firm,F3,99426266.76
288,firm,F4,125212408.60
288,firm,F5,84724337.30
288,firm,F6,133611660.42
288,firm,F7,70952014.57
288,firm,F8,69221547.07
288,firm,F9,139643358.36
289,agent,G0,1877788.56
289,agent,G1,1734987.99
289,agent,G2,967772.96
289,agent,G3,6522110.14
289,agent,G4,354136.00
289,agent,G5,2296243.05
289,agent,G6,4918908.78
289,agent,G7,2711708.01
289,agent,G8,743849.53
289,agent,G9,283260.21
289,firm,F0,145126824.00
289,firm,F1,61205858.04
289,firm,F2,107297477.45
289,firm,F3,99426266.76
289,firm,F4,125238408.24
289,firm,F5,84724337.30
289,firm,F6,133647354.98
289,firm,F7,70952014.57
289,firm,F8,69221547.07
289,firm,F9,139643358.36
290,agent,G0,1877788.56
290,agent,G1,973991.31
290,agent,G2,967772.96
290,agent,G3,6522110.14
290,agent,G4,328007.67
290,agent,G5,2296243.05
290,agent,G6,5545902.49
290,agent,G7,2711708.01
290,agent,G8,758403.63
290,agent,G9,283260.21
290,firm,F0,145197340.23
290,firm,F1,61205858.04
290,firm,F2,107297477.45
290,firm,F3,99560269.72
290,firm,F4,125238408.24
290,firm,F5,84724337.30
290,firm,F6,133647354.98
290,firm,F7,70952014.57
290,firm,F8,69221547.07
290,firm,F9,139643358.36
291,agent,G0,1316131.34
291,agent,G1,973991.31
291,agent,G2,967772.96
291,agent,G3,6522110.14
291,agent,G4,328007.67
291,agent,G5,2296243.05
291,agent,G6,5545902.49
291,agent,G7,2682305.35
291,agent,G8,758403.63
291,agent,G9,1143182.52
291,firm,F0,145197340.23
291,firm,F1,61205858.04
291,firm,F2,107297477.45
291,firm,F3,99560269.72
291,firm,F4,125325386.39
291,firm,F5,84724337.30
291,firm,F6,133810037.39
291,firm,F7,70952014.57
291,firm,F8,69221547.07
291,firm,F9,139643358.36
292,agent,G0,952784.41
292,agent,G1,1194322.24
292,agent,G2,967772.96
292,agent,G3,6522110.14
292,agent,G4,328007.67
292,agent,G5,2296243.05
292,agent,G6,5545902.49
292,agent,G7,2805620.99
292,agent,G8,430172.44
292,agent,G9,1143182.52
292,firm,F0,145197340.23
292,firm,F1,61255597.52
292,firm,F2,107297477.45
292,firm,F3,99560269.72
292,firm,F4,125843909.39
292,firm,F5,84724337.30
292,firm,F6,133810037.39
292,firm,F7,70952014.57
292,firm,F8,69268298.15
292,firm,F9,139643358.36
293,agent,G0,952784.41
293,agent,G1,1203815.68
293,agent,G2,967772.96
293,agent,G3,6073633.02
293,agent,G4,328007.67
293,agent,G5,2296243.05
293,agent,G6,5545902.49
293,agent,G7,2805620.99
293,agent,G8,419703.33
293,agent,G9,1133689.08
293,firm,F0,145197340.23
293,firm,F1,61255597.52
293,firm,F2,107344893.56
293,firm,F3,99560269.72
293,firm,F4,125843909.39
293,firm,F5,84724337.30
293,firm,F6,133810037.39
293,firm,F7,70952014.57
293,firm,F8,69716775.27
293,firm,F9,139643358.36
294,agent,G0,952784.41
294,agent,G1,681130.05
294,agent,G2,967772.96
294,agent,G3,6088798.81
294,agent,G4,328007.67
294,agent,G5,2296243.05
294,agent,G6,5545902.49
294,agent,G7,2805620.99
294,agent,G8,857889.67
294,agent,G9,1081835.21
294,firm,F0,145197340.23
294,firm,F1,61258995.73
294,firm,F2,107344893.56
294,firm,F3,99560269.72
294,firm,F4,125884860.39
294,firm,F5,84724337.30
294,firm,F6,133905439.54
294,firm,F7,70952014.57
294,firm,F8,69716775.27
294,firm,F9,139643358.36
295,agent,G0,952784.41
295,agent,G1,384119.23
295,agent,G2,967772.96
295,agent,G3,6088798.81
295,agent,G4,328007.67
295,agent,G5,2291402.05
295,agent,G6,5550743.50
295,agent,G7,3053514.21
295,agent,G8,1100966.34
295,agent,G9,1063569.21
295,firm,F0,145197340.23
295,firm,F1,61258995.73
295,firm,F2,107344893.56
295,firm,F3,99560269.72
295,firm,F4,125903126.39
295,firm,F5,84724337.30
295,firm,F6,133905439.54
295,firm,F7,71006067.91
295,firm,F8,69716775.27
295,firm,F9,139692475.96
296,agent,G0,952784.41
296,agent,G1,365555.23
296,agent,G2,967772.96
296,agent,G3,3444348.80
296,agent,G4,375305.35
296,agent,G5,2291402.05
296,agent,G6,5550743.50
296,agent,G7,3053514.21
296,agent,G8,3328506.27
296,agent,G9,1063569.21
296,firm,F0,145197340.23
296,firm,F1,61258995.73
296,firm,F2,107757049.17
296,firm,F3,99560269.72
296,firm,F4,125910733.19
296,firm,F5,84724337.30
296,firm,F6,133905439.54
296,firm,F7,71006067.91
296,firm,F8,69735339.27
296,firm,F9,139692475.96
297,agent,G0,986808.77
297,agent,G1,365555.23
297,agent,G2,1177590.54
297,agent,G3,3518959.89
297,agent,G4,334268.64
297,agent,G5,2291402.05
297,agent,G6,5550743.50
297,agent,G7,3053514.21
297,agent,G8,2956765.18
297,agent,G9,1063569.21
297,firm,F0,145197340.23
297,firm,F1,61258995.73
297,firm,F2,107764061.51
297,firm,F3,99560269.72
297,firm,F4,125910733.19
297,firm,F5,84724337.30
297,firm,F6,133905439.54
297,firm,F7,71303197.91
297,firm,F8,69776192.69
297,firm,F9,139692475.96
298,agent,G0,2107211.37
298,agent,G1,378868.64
298,agent,G2,1153845.54
298,agent,G3,3518959.89
298,agent,G4,334268.64
298,agent,G5,2291402.05
298,agent,G6,5550743.50
298,agent,G7,1729948.25
298,agent,G8,2956765.18
298,agent,G9,1069355.18
298,firm,F0,145394717.63
298,firm,F1,61258995.73
298,firm,F2,107764061.51
298,firm,F3,99560269.72
298,firm,F4,125910733.19
298,firm,F5,84724337.30
298,firm,F6,133905439.54
298,firm,F7,71306429.51
298,firm,F8,69799937.69
298,firm,F9,139692475.96
299,agent,G0,2107211.37
299,agent,G1,373073.68
299,agent,G2,1153845.54
299,agent,G3,3514666.67
299,agent,G4,319997.86
299,agent,G5,2291402.05
299,agent,G6,5550743.50
299,agent,G7,1729948.25
299,agent,G8,3000888.29
299,agent,G9,1069355.18
299,firm,F0,145400512.59
299,firm,F1,61258995.73
299,firm,F2,107764061.51
299,firm,F3,99560269.72
299,firm,F4,125929297.19
299,firm,F5,84724337.30
299,firm,F6,133913237.43
299,firm,F7,71306429.51
299,firm,F8,69799937.69
299,firm,F9,139692475.96
300,agent,G0,2107211.37
300,agent,G1,373073.68
300,agent,G2,656901.11
300,agent,G3,3514666.67
300,agent,G4,319997.86
300,agent,G5,2717534.05
300,agent,G6,5931484.47
300,agent,G7,1700039.08
300,agent,G8,3000888.29
300,agent,G9,1075519.35
300,firm,F0,145400512.59
300,firm,F1,61258995.73
300,firm,F2,107764061.51
300,firm,F3,99560269.72
300,firm,F4,125929297.19
300,firm,F5,84724337.30
300,firm,F6,133913237.43
300,firm,F7,71403418.53
300,firm,F8,69870750.11
300,firm,F9,139692475.96
301,agent,G0,2107211.37
301,agent,G1,373073.68
301,agent,G2,616532.58
301,agent,G3,3815437.53
301,agent,G4,319997.86
301,agent,G5,2380048.51
301,agent,G6,5814985.02
301,agent,G7,1700039.08
301,agent,G8,3000888.29
301,agent,G9,1075519.35
301,firm,F0,145400512.59
301,firm,F1,61258995.73
301,firm,F2,107764061.51
301,firm,F3,99560269.72
301,firm,F4,125929297.19
301,firm,F5,85178322.30
301,firm,F6,133913237.43
301,firm,F7,71471714.67
301,firm,F8,69911118.65
301,firm,F9,139692475.96
302,agent,G0,2107211.37
302,agent,G1,373073.68
302,agent,G2,616532.58
302,agent,G3,3441145.25
302,agent,G4,319997.86
302,agent,G5,2501095.69
302,agent,G6,5693937.84
302,agent,G7,2093119.14
302,agent,G8,3000888.29
302,agent,G9,608183.93
302,firm,F0,145400512.59
302,firm,F1,61258995.73
302,firm,F2,107764061.51
302,firm,F3,99560269.72
302,firm,F4,125929297.19
302,firm,F5,85178322.30
302,firm,F6,133913237.43
302,firm,F7,71545970.03
302,firm,F8,70380153.93
302,firm,F9,139692475.96
303,agent,G0,2107211.37
303,agent,G1,373073.68
303,agent,G2,674657.80
303,agent,G3,2987160.25
303,agent,G4,319997.86
303,agent,G5,2603896.38
303,agent,G6,5591137.15
303,agent,G7,1962208.32
303,agent,G8,3000888.29
303,agent,G9,608183.93
303,firm,F0,145400512.59
303,firm,F1,61712980.73
303,firm,F2,107764061.51
303,firm,F3,99560269.72
303,firm,F4,125929297.19
303,firm,F5,85178322.30
303,firm,F6,133913237.43
303,firm,F7,71545970.03
303,firm,F8,70522626.52
303,firm,F9,139692475.96
304,agent,G0,2126125.46
304,agent,G1,373073.68
304,agent,G2,2714823.08
304,agent,G3,2987160.25
304,agent,G4,319997.86
304,agent,G5,2603896.38
304,agent,G6,3177306.80
304,agent,G7,1962208.32
304,agent,G8,3000888.29
304,agent,G9,548494.61
304,firm,F0,145400512.59
304,firm,F1,61712980.73
304,firm,F2,108118812.49
304,firm,F3,99560269.72
304,firm,F4,126000895.50
304,firm,F5,85178322.30
304,firm,F6,133913237.43
304,firm,F7,71545970.03
304,firm,F8,70522626.52
304,firm,F9,139692475.96
305,agent,G0,2126125.46
305,agent,G1,373073.68
305,agent,G2,2714823.08
305,agent,G3,2987160.25
305,agent,G4,344728.06
305,agent,G5,2707558.03
305,agent,G6,3073645.15
305,agent,G7,1962208.32
305,agent,G8,2546903.29
305,agent,G9,515319.14
305,firm,F0,145400512.59
305,firm,F1,61712980.73
305,firm,F2,108118812.49
305,firm,F3,99560269.72
305,firm,F4,126000895.50
305,firm,F5,85215975.57
305,firm,F6,134367222.43
305,firm,F7,71545970.03
305,firm,F8,70522626.52
305,firm,F9,139692475.96
306,agent,G0,2126125.46
306,agent,G1,373073.68
306,agent,G2,2260838.08
306,agent,G3,2987160.25
306,agent,G4,344728.06
306,agent,G5,3130452.67
306,agent,G6,2747128.15
306,agent,G7,1962208.32
306,agent,G8,2546903.29
306,agent,G9,515319.14
306,firm,F0,145619005.06
306,firm,F1,61712980.73
306,firm,F2,108177458.38
306,firm,F3,99560269.72
306,firm,F4,126000895.50
306,firm,F5,85215975.57
306,firm,F6,134367222.43
306,firm,F7,71545970.03
306,firm,F8,70976611.52
306,firm,F9,139692475.96
307,agent,G0,2126125.46
307,agent,G1,373073.68
307,agent,G2,2260838.08
307,agent,G3,2987160.25
307,agent,G4,339244.83
307,agent,G5,3242631.14
307,agent,G6,2500313.92
307,agent,G7,1962208.32
307,agent,G8,2546903.29
307,agent,G9,515319.14
307,firm,F0,145619005.06
307,firm,F1,61712980.73
307,firm,F2,108177458.38
307,firm,F3,99560269.72
307,firm,F4,126006378.74
307,firm,F5,85215975.57
307,firm,F6,134367222.43
307,firm,F7,71545970.03
307,firm,F8,71496830.27
307,firm,F9,139692475.96
308,agent,G0,1192626.49
308,agent,G1,1140475.08
308,agent,G2,2260838.08
308,agent,G3,2763557.74
308,agent,G4,339244.83
308,agent,G5,3142394.50
308,agent,G6,2500313.92
308,agent,G7,1962208.32
308,agent,G8,2546903.29
308,agent,G9,515319.14
308,firm,F0,145619005.06
308,firm,F1,61712980.73
308,firm,F2,108177458.38
308,firm,F3,99560269.72
308,firm,F4,126006378.74
308,firm,F5,85215975.57
308,firm,F6,134367222.43
308,firm,F7,72085583.61
308,firm,F8,71496830.27
308,firm,F9,139702192.10
309,agent,G0,1224456.17
309,agent,G1,1166303.73
309,agent,G2,2260838.08
309,agent,G3,2763557.74
309,agent,G4,291050.39
309,agent,G5,3142394.50
309,agent,G6,2500313.92
309,agent,G7,1962208.32
309,agent,G8,2546903.29
309,agent,G9,515319.14
309,firm,F0,145624825.85
309,firm,F1,61712980.73
309,firm,F2,108177458.38
309,firm,F3,99560269.72
309,firm,F4,126006378.74
309,firm,F5,85232520.57
309,firm,F6,134374789.75
309,firm,F7,72085583.61
309,firm,F8,71496830.27
309,firm,F9,139702192.10
310,agent,G0,1213860.19
310,agent,G1,667737.37
310,agent,G2,2260838.08
310,agent,G3,2763557.74
310,agent,G4,291050.39
310,agent,G5,3188232.92
310,agent,G6,2460916.92
310,agent,G7,1962208.32
310,agent,G8,2979260.72
310,agent,G9,515319.14
310,firm,F0,145624825.85
310,firm,F1,61712980.73
310,firm,F2,108177458.38
310,firm,F3,99560269.72
310,firm,F4,126006378.74
310,firm,F5,85232520.57
310,firm,F6,134451594.65
310,firm,F7,72124980.61
310,firm,F8,71505106.86
310,firm,F9,139702192.10
311,agent,G0,1204398.60
311,agent,G1,677198.97
311,agent,G2,1267579.71
311,agent,G3,3581971.96
311,agent,G4,291050.39
311,agent,G5,3148835.92
311,agent,G6,2460916.92
311,agent,G7,1962208.32
311,agent,G8,2979260.72
311,agent,G9,515319.14
311,firm,F0,145802672.12
311,firm,F1,61712980.73
311,firm,F2,108178082.25
311,firm,F3,99560269.72
311,firm,F4,126006378.74
311,firm,F5,85232520.57
311,firm,F6,134451594.65
311,firm,F7,72124980.61
311,firm,F8,71544503.86
311,firm,F9,139702192.10
312,agent,G0,1204398.60
312,agent,G1,677198.97
312,agent,G2,1267579.71
312,agent,G3,2021225.99
312,agent,G4,342990.49
312,agent,G5,3089442.92
312,agent,G6,2460916.92
312,agent,G7,1962208.32
312,agent,G8,4287064.23
312,agent,G9,515319.14
312,firm,F0,145802672.12
312,firm,F1,61712980.73
312,firm,F2,108237475.25
312,firm,F3,99560269.72
312,firm,F4,126014990.21
312,firm,F5,85232520.57
312,firm,F6,134451594.65
312,firm,F7,72124980.61
312,firm,F8,71544503.86
312,firm,F9,139940274.99
313,agent,G0,1333366.50
313,agent,G1,686625.90
313,agent,G2,1267579.71
313,agent,G3,1865202.22
313,agent,G4,303593.49
313,agent,G5,3089442.92
313,agent,G6,2460916.92
313,agent,G7,1962208.32
313,agent,G8,4287064.23
313,agent,G9,515319.14
313,firm,F0,145802672.12
313,firm,F1,61901310.66
313,firm,F2,108237475.25
313,firm,F3,99560269.72
313,firm,F4,126054387.21
313,firm,F5,85232520.57
313,firm,F6,134451594.65
313,firm,F7,72124980.61
313,firm,F8,71544503.86
313,firm,F9,139940274.99
314,agent,G0,1333366.50
314,agent,G1,386815.37
314,agent,G2,1267579.71
314,agent,G3,1808530.22
314,agent,G4,303593.49
314,agent,G5,3089442.92
314,agent,G6,2710407.11
314,agent,G7,1962208.32
314,agent,G8,4300639.97
314,agent,G9,549110.50
314,firm,F0,145862297.37
314,firm,F1,61901310.66
314,firm,F2,108294147.25
314,firm,F3,99560269.72
314,firm,F4,126054387.21
314,firm,F5,85232520.57
314,firm,F6,134451594.65
314,firm,F7,72124980.61
314,firm,F8,71544503.86
314,firm,F9,139940274.99
315,agent,G0,1329740.50
315,agent,G1,386815.37
315,agent,G2,714323.92
315,agent,G3,1807538.01
315,agent,G4,304585.70
315,agent,G5,3089442.92
315,agent,G6,3171215.09
315,agent,G7,1962208.32
315,agent,G8,4766733.92
315,agent,G9,549110.50
315,firm,F0,145862297.37
315,firm,F1,61904936.66
315,firm,F2,108294147.25
315,firm,F3,99652717.53
315,firm,F4,126167810.27
315,firm,F5,85232520.57
315,firm,F6,134451594.65
315,firm,F7,72124980.61
315,firm,F8,71544503.86
315,firm,F9,139940274.99
316,agent,G0,1313195.50
316,agent,G1,417289.25
316,agent,G2,714323.92
316,agent,G3,1807538.01
316,agent,G4,339640.19
316,agent,G5,3089442.92
316,agent,G6,3171215.09
316,agent,G7,1962208.32
316,agent,G8,4766733.92
316,agent,G9,549110.50
316,firm,F0,145862297.37
316,firm,F1,61904936.66
316,firm,F2,108294147.25
316,firm,F3,99652717.53
316,firm,F4,126183924.19
316,firm,F5,85232520.57
316,firm,F6,134468139.65
316,firm,F7,72124980.61
316,firm,F8,71544503.86
316,firm,F9,139947587.70
317,agent,G0,741412.44
317,agent,G1,417289.25
317,agent,G2,714323.92
317,agent,G3,1807538.01
317,agent,G4,343440.23
317,agent,G5,3222328.13
317,agent,G6,3171215.09
317,agent,G7,1962208.32
317,agent,G8,4533105.04
317,agent,G9,549110.50
317,firm,F0,145862297.37
317,firm,F1,61904936.66
317,firm,F2,108294147.25
317,firm,F3,99652717.53
317,firm,F4,126763441.19
317,firm,F5,85232520.57
317,firm,F6,134561149.38
317,firm,F7,72124980.61
317,firm,F8,71544503.86
317,firm,F9,139948506.65
318,agent,G0,741412.44
318,agent,G1,417289.25
318,agent,G2,1439965.93
318,agent,G3,1807538.01
318,agent,G4,233872.83
318,agent,G5,3222328.13
318,agent,G6,3171215.09
318,agent,G7,1118083.67
318,agent,G8,4533105.04
318,agent,G9,602082.60
318,firm,F0,145862297.37
318,firm,F1,61904936.66
318,firm,F2,108294147.25
318,firm,F3,99771200.18
318,firm,F4,126852396.19
318,firm,F5,85240021.87
318,firm,F6,134561149.38
318,firm,F7,72124980.61
318,firm,F8,71544503.86
318,firm,F9,139948506.65
319,agent,G0,741412.44
319,agent,G1,412810.44
319,agent,G2,1500814.74
319,agent,G3,1807538.01
319,agent,G4,233640.26
319,agent,G5,3222328.13
319,agent,G6,3171215.09
319,agent,G7,1118083.67
319,agent,G8,4533105.04
319,agent,G9,585537.60
319,firm,F0,145878842.37
319,firm,F1,61904936.66
319,firm,F2,108294147.25
319,firm,F3,99771200.18
319,firm,F4,126868855.75
319,firm,F5,85240021.87
319,firm,F6,134561149.38
319,firm,F7,72124980.61
319,firm,F8,71544503.86
319,firm,F9,139948506.65
320,agent,G0,757611.20
320,agent,G1,340213.44
320,agent,G2,1484615.98
320,agent,G3,2965225.21
320,agent,G4,233640.26
320,agent,G5,3343615.13
320,agent,G6,1791930.22
320,agent,G7,1118083.67
320,agent,G8,4533105.04
320,agent,G9,585537.60
320,firm,F0,145901812.38
320,firm,F1,61904936.66
320,firm,F2,108515744.92
320,firm,F3,99771200.18
320,firm,F4,126868855.75
320,firm,F5,85240021.87
320,firm,F6,134561149.38
320,firm,F7,72197577.61
320,firm,F8,71544503.86
320,firm,F9,139948506.65
321,agent,G0,429743.90
321,agent,G1,340213.44
321,agent,G2,1480989.98
321,agent,G3,3036541.73
321,agent,G4,234606.50
321,agent,G5,3621836.79
321,agent,G6,1791930.22
321,agent,G7,1118083.67
321,agent,G8,4533105.04
321,agent,G9,585537.60
321,firm,F0,145901812.38
321,firm,F1,61904936.66
321,firm,F2,108515744.92
321,firm,F3,99771200.18
321,firm,F4,126889496.98
321,firm,F5,85289667.50
321,firm,F6,134561149.38
321,firm,F7,72197577.61
321,firm,F8,71544503.86
321,firm,F9,139948506.65
322,agent,G0,468044.47
322,agent,G1,340213.44
322,agent,G2,1480989.98
322,agent,G3,2892284.73
322,agent,G4,234606.50
322,agent,G5,3329477.81
322,agent,G6,1791930.22
322,agent,G7,1157062.90
322,agent,G8,4533105.04
322,agent,G9,585537.60
322,firm,F0,145901812.38
322,firm,F1,61904936.66
322,firm,F2,108515744.92
322,firm,F3,99779299.95
322,firm,F4,127033753.98
322,firm,F5,85289667.50
322,firm,F6,134815207.79
322,firm,F7,72197577.61
322,firm,F8,71544503.86
322,firm,F9,139948506.65
323,agent,G0,468044.47
323,agent,G1,1450560.49
323,agent,G2,1480989.98
323,agent,G3,1624965.33
323,agent,G4,235490.95
323,agent,G5,3329477.81
323,agent,G6,1791930.22
323,agent,G7,1157062.90
323,agent,G8,4533105.04
323,agent,G9,581911.60
323,firm,F0,145901812.38
323,firm,F1,61904936.66
323,firm,F2,108515744.92
323,firm,F3,99793763.17
323,firm,F4,127033753.98
323,firm,F5,85293293.50
323,firm,F6,134815207.79
323,firm,F7,72417327.30
323,firm,F8,71544503.86
323,firm,F9,139948506.65
324,agent,G0,468044.47
324,agent,G1,1450560.49
324,agent,G2,843031.77
324,agent,G3,1661979.06
324,agent,G4,234202.62
324,agent,G5,3329477.81
324,agent,G6,1791930.22
324,agent,G7,1157062.90
324,agent,G8,4533105.04
324,agent,G9,1128487.71
324,firm,F0,145901812.38
324,firm,F1,61904936.66
324,firm,F2,108515744.92
324,firm,F3,99886433.60
324,firm,F4,127033753.98
324,firm,F5,85293293.50
324,firm,F6,134815207.79
324,firm,F7,72430894.57
324,firm,F8,71544503.86
324,firm,F9,139948506.65
325,agent,G0,443670.86
325,agent,G1,1461249.17
325,agent,G2,843031.77
325,agent,G3,1661979.06
325,agent,G4,234202.62
325,agent,G5,3282398.81
325,agent,G6,1791930.22
325,agent,G7,1146374.22
325,agent,G8,4578065.61
325,agent,G9,1128487.71
325,firm,F0,145948891.38
325,firm,F1,61904936.66
325,firm,F2,108515744.92
325,firm,F3,99886433.60
325,firm,F4,127033753.98
325,firm,F5,85293293.50
325,firm,F6,134815207.79
325,firm,F7,72440651.00
325,firm,F8,71549984.47
325,firm,F9,139948506.65
326,agent,G0,443670.86
326,agent,G1,1366720.17
326,agent,G2,866634.36
326,agent,G3,1737188.66
326,agent,G4,208589.61
326,agent,G5,3282398.81
326,agent,G6,1791930.22
326,agent,G7,1146374.22
326,agent,G8,4578065.61
326,agent,G9,1128487.71
326,firm,F0,145948891.38
326,firm,F1,61904936.66
326,firm,F2,108515744.92
326,firm,F3,99985348.10
326,firm,F4,127033753.98
326,firm,F5,85310237.83
326,firm,F6,134815207.79
326,firm,F7,72440651.00
326,firm,F8,71549984.47
326,firm,F9,139948506.65
327,agent,G0,443670.86
327,agent,G1,1366720.17
327,agent,G2,889158.04
327,agent,G3,1620135.98
327,agent,G4,208589.61
327,agent,G5,3412619.97
327,agent,G6,1791930.22
327,agent,G7,643624.74
327,agent,G8,4578065.61
327,agent,G9,1542837.61
327,firm,F0,145948891.38
327,firm,F1,61904936.66
327,firm,F2,108638474.76
327,firm,F3,99985348.10
327,firm,F4,127122153.56
327,firm,F5,85310237.83
327,firm,F6,134815207.79
327,firm,F7,72440651.00
327,firm,F8,71549984.47
327,firm,F9,139948506.65
328,agent,G0,135840.55
328,agent,G1,1366720.17
328,agent,G2,889158.04
328,agent,G3,1620135.98
328,agent,G4,208589.61
328,agent,G5,3412619.97
328,agent,G6,1858088.36
328,agent,G7,643624.74
328,agent,G8,4591889.47
328,agent,G9,1715775.25
328,firm,F0,145948891.38
328,firm,F1,61904936.66
328,firm,F2,108638474.76
328,firm,F3,99985348.10
328,firm,F4,127122153.56
328,firm,F5,85310237.83
328,firm,F6,134815207.79
328,firm,F7,72443507.46
328,firm,F8,71841134.47
328,firm,F9,140000560.87
329,agent,G0,135840.55
329,agent,G1,1366720.17
329,agent,G2,911658.56
329,agent,G3,1597635.46
329,agent,G4,1866515.01
329,agent,G5,3412619.97
329,agent,G6,1858088.36
329,agent,G7,549095.74
329,agent,G8,2576303.30
329,agent,G9,1802581.31
329,firm,F0,145948891.38
329,firm,F1,61904936.66
329,firm,F2,108996135.52
329,firm,F3,100100989.04
329,firm,F4,127122153.56
329,firm,F5,85310237.83
329,firm,F6,134815207.79
329,firm,F7,72443507.46
329,firm,F8,71841134.47
329,firm,F9,140000560.87
330,agent,G0,135840.55
330,agent,G1,1366720.17
330,agent,G2,911658.56
330,agent,G3,1597635.46
330,agent,G4,1866515.01
330,agent,G5,1825127.33
330,agent,G6,1932530.70
330,agent,G7,549095.74
330,agent,G8,2576303.30
330,agent,G9,2907290.93
330,firm,F0,145948891.38
330,firm,F1,61904936.66
330,firm,F2,109287285.52
330,firm,F3,100326586.59
330,firm,F4,127122153.56
330,firm,F5,85329738.95
330,firm,F6,134815207.79
330,firm,F7,72443507.46
330,firm,F8,71841134.47
330,firm,F9,140000560.87
331,agent,G0,135840.55
331,agent,G1,1366720.17
331,agent,G2,992196.96
331,agent,G3,1489717.46
331,agent,G4,1866515.01
331,agent,G5,1853615.14
331,agent,G6,2972902.28
331,agent,G7,549095.74
331,agent,G8,2576303.30
331,agent,G9,1616132.20
331,firm,F0,145948891.38
331,firm,F1,61904936.66
331,firm,F2,109287285.52
331,firm,F3,100548885.94
331,firm,F4,127122153.56
331,firm,F5,85457655.56
331,firm,F6,134815207.79
331,firm,F7,72443507.46
331,firm,F8,71841134.47
331,firm,F9,140000560.87
332,agent,G0,140502.69
332,agent,G1,767784.64
332,agent,G2,971880.96
332,agent,G3,1489717.46
332,agent,G4,1866515.01
332,agent,G5,1865778.66
332,agent,G6,2972902.28
332,agent,G7,549095.74
332,agent,G8,3070743.90
332,agent,G9,1616132.20
332,firm,F0,145948891.38
332,firm,F1,61904936.66
332,firm,F2,109287285.52
332,firm,F3,100552376.27
332,firm,F4,127122153.56
332,firm,F5,85477971.56
332,firm,F6,134919702.72
332,firm,F7,72443507.46
332,firm,F8,71841134.47
332,firm,F9,140000560.87
333,agent,G0,140502.69
333,agent,G1,794159.93
333,agent,G2,971880.96
333,agent,G3,842764.18
333,agent,G4,1866515.01
333,agent,G5,2119449.35
333,agent,G6,3043604.22
333,agent,G7,549095.74
333,agent,G8,3070743.90
333,agent,G9,1545430.26
333,firm,F0,145948891.38
333,firm,F1,61904936.66
333,firm,F2,109287285.52
333,firm,F3,100843526.27
333,firm,F4,127122153.56
333,firm,F5,85477971.56
333,firm,F6,134919702.72
333,firm,F7,72443507.46
333,firm,F8,71948591.76
333,firm,F9,140000560.87
334,agent,G0,140502.69
334,agent,G1,755333.47
334,agent,G2,971880.96
334,agent,G3,842764.18
334,agent,G4,2053941.15
334,agent,G5,2126575.81
334,agent,G6,3043604.22
334,agent,G7,310433.82
334,agent,G8,3271358.58
334,agent,G9,1545430.26
334,firm,F0,145948891.38
334,firm,F1,61904936.66
334,firm,F2,109287285.52
334,firm,F3,100884713.13
334,firm,F4,127122153.56
334,firm,F5,85477971.56
334,firm,F6,134957749.97
334,firm,F7,72443507.46
334,firm,F8,71980291.76
334,firm,F9,140000560.87
335,agent,G0,140502.69
335,agent,G1,755333.47
335,agent,G2,973074.03
335,agent,G3,842764.18
335,agent,G4,2052748.08
335,agent,G5,3322785.57
335,agent,G6,3063695.36
335,agent,G7,310433.82
335,agent,G8,1855200.47
335,agent,G9,1545430.26
335,firm,F0,145953385.24
335,firm,F1,62120166.01
335,firm,F2,109287285.52
335,firm,F3,100884713.13
335,firm,F4,127122153.56
335,firm,F5,85482690.56
335,firm,F6,134957749.97
335,firm,F7,72443507.46
335,firm,F8,71980291.76
335,firm,F9,140000560.87
336,agent,G0,146231.30
336,agent,G1,755333.47
336,agent,G2,973074.03
336,agent,G3,477601.45
336,agent,G4,2028163.08
336,agent,G5,3631834.18
336,agent,G6,3189487.90
336,agent,G7,310433.82
336,agent,G8,1855200.47
336,agent,G9,1545430.26
336,firm,F0,145953385.24
336,firm,F1,62120166.01
336,firm,F2,109343399.64
336,firm,F3,100884713.13
336,firm,F4,127122153.56
336,firm,F5,85482690.56
336,firm,F6,134989112.82
336,firm,F7,72443507.46
336,firm,F8,71980291.76
336,firm,F9,140025145.87
337,agent,G0,152947.34
337,agent,G1,755333.47
337,agent,G2,973074.03
337,agent,G3,511705.03
337,agent,G4,2028163.08
337,agent,G5,3631834.18
337,agent,G6,3182771.86
337,agent,G7,304457.28
337,agent,G8,1855200.47
337,agent,G9,1520845.26
337,firm,F0,145953385.24
337,firm,F1,62126142.55
337,firm,F2,109350339.06
337,firm,F3,100884713.13
337,firm,F4,127122153.56
337,firm,F5,85482690.56
337,firm,F6,134989112.82
337,firm,F7,72443507.46
337,firm,F8,71980291.76
337,firm,F9,140049730.87
338,agent,G0,177143.83
338,agent,G1,755333.47
338,agent,G2,973074.03
338,agent,G3,501201.52
338,agent,G4,2038666.59
338,agent,G5,3631834.18
338,agent,G6,1808834.67
338,agent,G7,304457.28
338,agent,G8,3027480.78
338,agent,G9,1479802.26
338,firm,F0,145953385.24
338,firm,F1,62126142.55
338,firm,F2,109350339.06
338,firm,F3,100925756.13
338,firm,F4,127122153.56
338,firm,F5,85486982.06
338,firm,F6,135190769.70
338,firm,F7,72443507.46
338,firm,F8,71980291.76
338,firm,F9,140049730.87
339,agent,G0,177143.83
339,agent,G1,429307.22
339,agent,G2,973074.03
339,agent,G3,321767.52
339,agent,G4,2038666.59
339,agent,G5,3631834.18
339,agent,G6,1808834.67
339,agent,G7,582697.80
339,agent,G8,3129287.04
339,agent,G9,1521853.16
339,firm,F0,145953385.24
339,firm,F1,62209505.13
339,firm,F2,109529773.06
339,firm,F3,100925756.13
339,firm,F4,127122153.56
339,firm,F5,85486982.06
339,firm,F6,135190769.70
339,firm,F7,72443507.46
339,firm,F8,71980291.76
339,firm,F9,140049730.87
340,agent,G0,177143.83
340,agent,G1,429307.22
340,agent,G2,1670401.10
340,agent,G3,398029.23
340,agent,G4,1081356.84
340,agent,G5,3631834.18
340,agent,G6,1764468.40
340,agent,G7,582697.80
340,agent,G8,3129287.04
340,agent,G9,1521853.16
340,firm,F0,145953385.24
340,firm,F1,62209505.13
340,firm,F2,109529773.06
340,firm,F3,101088640.13
340,firm,F4,127122153.56
340,firm,F5,85486982.06
340,firm,F6,135332234.65
340,firm,F7,72460093.75
340,firm,F8,71980291.76
340,firm,F9,140049730.87
341,agent,G0,158990.71
341,agent,G1,429307.22
341,agent,G2,1706631.98
341,agent,G3,354654.26
341,agent,G4,1193199.02
341,agent,G5,3631834.18
341,agent,G6,1758036.52
341,agent,G7,582697.80
341,agent,G8,3129287.04
341,agent,G9,1521853.16
341,firm,F0,145953385.24
341,firm,F1,62209505.13
341,firm,F2,109529773.06
341,firm,F3,101088640.13
341,firm,F4,127122153.56
341,firm,F5,85511567.06
341,firm,F6,135332234.65
341,firm,F7,72460093.75
341,firm,F8,71987435.86
341,firm,F9,140071770.68
342,agent,G0,165389.97
342,agent,G1,429307.22
342,agent,G2,1706631.98
342,agent,G3,315769.18
342,agent,G4,1200659.80
342,agent,G5,3631834.18
342,agent,G6,1751637.27
342,agent,G7,582697.80
342,agent,G8,3129287.04
342,agent,G9,1689851.68
342,firm,F0,145953385.24
342,firm,F1,62209505.13
342,firm,F2,109529773.06
342,firm,F3,101088640.13
342,firm,F4,127122153.56
342,firm,F5,85511567.06
342,firm,F6,135339073.96
342,firm,F7,72460093.75
342,firm,F8,72026675.33
342,firm,F9,140096355.68
343,agent,G0,216952.67
343,agent,G1,382374.86
343,agent,G2,1706631.98
343,agent,G3,315769.18
343,agent,G4,1239035.70
343,agent,G5,3670763.27
343,agent,G6,1713261.37
343,agent,G7,582697.80
343,agent,G8,2966403.04
343,agent,G9,1689851.68
343,firm,F0,145953385.24
343,firm,F1,62372389.13
343,firm,F2,109529773.06
343,firm,F3,101096643.41
343,firm,F4,127122153.56
343,firm,F5,85511567.06
343,firm,F6,135339073.96
343,firm,F7,72460093.75
343,firm,F8,72026675.33
343,firm,F9,140108486.98
344,agent,G0,54068.67
344,agent,G1,382374.86
344,agent,G2,1706631.98
344,agent,G3,366410.98
344,agent,G4,1276611.63
344,agent,G5,3670763.27
344,agent,G6,1675685.44
344,agent,G7,582697.80
344,agent,G8,2966403.04
344,agent,G9,1562312.09
344,firm,F0,146080924.83
344,firm,F1,62372389.13
344,firm,F2,109529773.06
344,firm,F3,101108207.60
344,firm,F4,127122153.56
344,firm,F5,85511567.06
344,firm,F6,135339073.96
344,firm,F7,72460093.75
344,firm,F8,72026675.33
344,firm,F9,140271370.98
345,agent,G0,53230.00
345,agent,G1,382374.86
345,agent,G2,1706631.98
345,agent,G3,366410.98
345,agent,G4,1321279.65
345,agent,G5,3679253.32
345,agent,G6,1631017.42
345,agent,G7,582697.80
345,agent,G8,2966403.04
345,agent,G9,1399428.09
345,firm,F0,146080924.83
345,firm,F1,62372389.13
345,firm,F2,109529773.06
345,firm,F3,101108207.60
345,firm,F4,127123959.51
345,firm,F5,85511567.06
345,firm,F6,135339073.96
345,firm,F7,72460093.75
345,firm,F8,72189559.33
345,firm,F9,140272209.64
346,agent,G0,53230.00
346,agent,G1,592789.77
346,agent,G2,1706631.98
346,agent,G3,318293.72
346,agent,G4,1321279.65
346,agent,G5,3679253.32
346,agent,G6,1631017.42
346,agent,G7,326954.48
346,agent,G8,2966403.04
346,agent,G9,1430099.54
346,firm,F0,146080924.83
346,firm,F1,62372389.13
346,firm,F2,109529773.06
346,firm,F3,101218798.60
346,firm,F4,127123959.51
346,firm,F5,85529012.88
346,firm,F6,135339073.96
346,firm,F7,72460093.75
346,firm,F8,72234887.74
346,firm,F9,140272209.64
347,agent,G0,55907.05
347,agent,G1,592789.77
347,agent,G2,1736148.95
347,agent,G3,318293.72
347,agent,G4,1321279.65
347,agent,G5,3676576.27
347,agent,G6,1631017.42
347,agent,G7,291080.56
347,agent,G8,3059806.90
347,agent,G9,1430099.54
347,firm,F0,146115363.96
347,firm,F1,62372389.13
347,firm,F2,109536130.00
347,firm,F3,101218798.60
347,firm,F4,127123959.51
347,firm,F5,85529012.88
347,firm,F6,135339073.96
347,firm,F7,72460093.75
347,firm,F8,72234887.74
347,firm,F9,140272209.64
348,agent,G0,552855.55
348,agent,G1,592789.77
348,agent,G2,1736148.95
348,agent,G3,318293.72
348,agent,G4,768847.07
348,agent,G5,3676576.27
348,agent,G6,1744305.12
348,agent,G7,291080.56
348,agent,G8,3059806.90
348,agent,G9,1430099.54
348,firm,F0,146342020.08
348,firm,F1,62372389.13
348,firm,F2,109536130.00
348,firm,F3,101218798.60
348,firm,F4,127123959.51
348,firm,F5,85529012.88
348,firm,F6,135339073.96
348,firm,F7,72460093.75
348,firm,F8,72328585.00
348,firm,F9,140272209.64
349,agent,G0,552855.55
349,agent,G1,592789.77
349,agent,G2,973059.18
349,agent,G3,179247.41
349,agent,G4,1394676.46
349,agent,G5,3676576.27
349,agent,G6,1744305.12
349,agent,G7,291080.56
349,agent,G8,3059806.90
349,agent,G9,1474012.16
349,firm,F0,146342020.08
349,firm,F1,62375509.81
349,firm,F2,109536130.00
349,firm,F3,101218798.60
349,firm,F4,127123959.51
349,firm,F5,85776864.26
349,firm,F6,135339073.96
349,firm,F7,72460093.75
349,firm,F8,72328585.00
349,firm,F9,140272209.64
350,agent,G0,559103.09
350,agent,G1,1133870.59
350,agent,G2,973059.18
350,agent,G3,179247.41
350,agent,G4,1394676.46
350,agent,G5,3651991.27
350,agent,G6,1738057.58
350,agent,G7,291080.56
350,agent,G8,3060898.32
350,agent,G9,835883.25
350,firm,F0,146439068.18
350,firm,F1,62375509.81
350,firm,F2,109536130.00
350,firm,F3,101219024.18
350,firm,F4,127148544.51
350,firm,F5,85776864.26
350,firm,F6,135339073.96
350,firm,F7,72460093.75
350,firm,F8,72328585.00
350,firm,F9,140272209.64
351,agent,G0,675565.20
351,agent,G1,1133870.59
351,agent,G2,973059.18
351,agent,G3,179247.41
351,agent,G4,1394676.46
351,agent,G5,4782874.26
351,agent,G6,1742462.63
351,agent,G7,291080.56
351,agent,G8,1743062.66
351,agent,G9,812900.20
351,firm,F0,146626020.86
351,firm,F1,62416302.70
351,firm,F2,109536130.00
351,firm,F3,101219024.18
351,firm,F4,127148544.51
351,firm,F5,85776864.26
351,firm,F6,135339073.96
351,firm,F7,72460093.75
351,firm,F8,72328585.00
351,firm,F9,140272209.64
352,agent,G0,675565.20
352,agent,G1,1133870.59
352,agent,G2,973059.18
352,agent,G3,179247.41
352,agent,G4,1438289.03
352,agent,G5,4830172.60
352,agent,G6,1535966.05
352,agent,G7,259496.36
352,agent,G8,1743062.66
352,agent,G9,812900.20
352,firm,F0,146788904.86
352,firm,F1,62416302.70
352,firm,F2,109536130.00
352,firm,F3,101223976.47
352,firm,F4,127148544.51
352,firm,F5,85776864.26
352,firm,F6,135339073.96
352,firm,F7,72465054.32
352,firm,F8,72328585.00
352,firm,F9,140272209.64
353,agent,G0,674248.20
353,agent,G1,640531.94
353,agent,G2,973059.18
353,agent,G3,179247.41
353,agent,G4,1438289.03
353,agent,G5,4830172.60
353,agent,G6,1554653.03
353,agent,G7,259851.77
353,agent,G8,1742707.24
353,agent,G9,1226658.02
353,firm,F0,146788904.86
353,firm,F1,62417619.70
353,firm,F2,109536130.00
353,firm,F3,101223976.47
353,firm,F4,127148544.51
353,firm,F5,85776864.26
353,firm,F6,135418654.80
353,firm,F7,72465054.32
353,firm,F8,72328585.00
353,firm,F9,140275928.66
354,agent,G0,674248.20
354,agent,G1,640531.94
354,agent,G2,973059.18
354,agent,G3,179247.41
354,agent,G4,2004012.56
354,agent,G5,4824141.91
354,agent,G6,876654.14
354,agent,G7,259851.77
354,agent,G8,1723110.93
354,agent,G9,1299725.86
354,firm,F0,146788904.86
354,firm,F1,62417619.70
354,firm,F2,109536130.00
354,firm,F3,101249603.47
354,firm,F4,127148544.51
354,firm,F5,85889139.63
354,firm,F6,135418654.80
354,firm,F7,72465054.32
354,firm,F8,72328585.00
354,firm,F9,140291922.82
355,agent,G0,674248.20
355,agent,G1,640531.94
355,agent,G2,973059.18
355,agent,G3,156841.41
355,agent,G4,2004012.56
355,agent,G5,4824141.91
355,agent,G6,871708.08
355,agent,G7,264797.83
355,agent,G8,977807.37
355,agent,G9,1959253.51
355,firm,F0,146788904.86
355,firm,F1,62417619.70
355,firm,F2,109536130.00
355,firm,F3,101249603.47
355,firm,F4,127148544.51
355,firm,F5,85889139.63
355,firm,F6,135424367.33
355,firm,F7,72599578.70
355,firm,F8,72328585.00
355,firm,F9,140291922.82
356,agent,G0,674248.20
356,agent,G1,363597.87
356,agent,G2,1366725.44
356,agent,G3,156841.41
356,agent,G4,2004012.56
356,agent,G5,4824141.91
356,agent,G6,866199.17
356,agent,G7,270306.74
356,agent,G8,977807.37
356,agent,G9,1936847.51
356,firm,F0,146788904.86
356,firm,F1,62417619.70
356,firm,F2,109564417.23
356,firm,F3,101249603.47
356,firm,F4,127189987.09
356,firm,F5,85889139.63
356,firm,F6,135446773.33
356,firm,F7,72599578.70
356,firm,F8,72328585.00
356,firm,F9,140291922.82
357,agent,G0,674248.20
357,agent,G1,323889.15
357,agent,G2,1366725.44
357,agent,G3,173692.21
357,agent,G4,2004012.56
357,agent,G5,4865210.93
357,agent,G6,866199.17
357,agent,G7,270306.74
357,agent,G8,977807.37
357,agent,G9,1906075.51
357,firm,F0,146795602.72
357,firm,F1,62417619.70
357,firm,F2,109564417.23
357,firm,F3,101255466.50
357,firm,F4,127189987.09
357,firm,F5,85889139.63
357,firm,F6,135446773.33
357,firm,F7,72599578.70
357,firm,F8,72328585.00
357,firm,F9,140322694.82
358,agent,G0,674248.20
358,agent,G1,323889.15
358,agent,G2,1366725.44
358,agent,G3,151286.21
358,agent,G4,3782259.24
358,agent,G5,2751288.87
358,agent,G6,860088.06
358,agent,G7,276417.85
358,agent,G8,977807.37
358,agent,G9,1979496.61
358,firm,F0,146795602.72
358,firm,F1,62417619.70
358,firm,F2,109578433.13
358,firm,F3,101277872.50
358,firm,F4,127189987.09
358,firm,F5,85889139.63
358,firm,F6,135446773.33
358,firm,F7,72599578.70
358,firm,F8,72328585.00
358,firm,F9,140658370.20
359,agent,G0,674248.20
359,agent,G1,323889.15
359,agent,G2,1366725.44
359,agent,G3,186220.35
359,agent,G4,3782259.24
359,agent,G5,2733910.87
359,agent,G6,860088.06
359,agent,G7,246078.19
359,agent,G8,981751.00
359,agent,G9,1979496.61
359,firm,F0,146800998.47
359,firm,F1,62417619.70
359,firm,F2,109578433.13
359,firm,F3,101277872.50
359,firm,F4,127189987.09
359,firm,F5,85889139.63
359,firm,F6,135446773.33
359,firm,F7,72616956.70
359,firm,F8,72332029.14
359,firm,F9,140658370.20
360,agent,G0,674248.20
360,agent,G1,323889.15
360,agent,G2,1366725.44
360,agent,G3,186220.35
360,agent,G4,3782259.24
360,agent,G5,2733910.87
360,agent,G6,878480.24
360,agent,G7,263918.41
360,agent,G8,1008529.50
360,agent,G9,1896811.61
360,firm,F0,146800998.47
360,firm,F1,62417619.70
360,firm,F2,109661118.13
360,firm,F3,101277872.50
360,firm,F4,127189987.09
360,firm,F5,85889139.63
360,firm,F6,135446773.33
360,firm,F7,72630902.83
360,firm,F8,72332029.14
360,firm,F9,140664098.17
361,agent,G0,674248.20
361,agent,G1,323889.15
361,agent,G2,1366725.44
361,agent,G3,186220.35
361,agent,G4,3517569.24
361,agent,G5,2733910.87
361,agent,G6,873175.02
361,agent,G7,246817.63
361,agent,G8,1025295.03
361,agent,G9,1896811.61
361,firm,F0,146800998.47
361,firm,F1,62417619.70
361,firm,F2,109664340.60
361,firm,F3,101542562.50
361,firm,F4,127189987.09
361,firm,F5,85889139.63
361,firm,F6,135446773.33
361,firm,F7,72653308.83
361,firm,F8,72332029.14
361,firm,F9,140664098.17
362,agent,G0,378781.58
362,agent,G1,323889.15
362,agent,G2,1436128.36
362,agent,G3,23336.35
362,agent,G4,3558462.99
362,agent,G5,2733910.87
362,agent,G6,832281.27
362,agent,G7,490749.56
362,agent,G8,1025295.03
362,agent,G9,1896811.61
362,firm,F0,146800998.47
362,firm,F1,62417619.70
362,firm,F2,109664340.60
362,firm,F3,101542562.50
362,firm,F4,127189987.09
362,firm,F5,85889139.63
362,firm,F6,135446773.33
362,firm,F7,72653308.83
362,firm,F8,72546447.84
362,firm,F9,140676559.25
363,agent,G0,378781.58
363,agent,G1,323889.15
363,agent,G2,1696480.80
363,agent,G3,23336.35
363,agent,G4,3558462.99
363,agent,G5,2733910.87
363,agent,G6,472518.07
363,agent,G7,490749.56
363,agent,G8,838833.03
363,agent,G9,2368296.24
363,firm,F0,146800998.47
363,firm,F1,62417619.70
363,firm,F2,109850802.60
363,firm,F3,101596263.90
363,firm,F4,127189987.09
363,firm,F5,85889139.63
363,firm,F6,135446773.33
363,firm,F7,72731415.57
363,firm,F8,72546447.84
363,firm,F9,140676559.25
364,agent,G0,378781.58
364,agent,G1,324403.11
364,agent,G2,1696480.80
364,agent,G3,23336.35
364,agent,G4,3602196.80
364,agent,G5,2733910.87
364,agent,G6,237032.98
364,agent,G7,515062.33
364,agent,G8,838833.03
364,agent,G9,2368296.24
364,firm,F0,146800998.47
364,firm,F1,62417619.70
364,firm,F2,109850802.60
364,firm,F3,101596263.90
364,firm,F4,127189987.09
364,firm,F5,85889139.63
364,firm,F6,135609657.33
364,firm,F7,72735970.08
364,firm,F8,72546558.88
364,firm,F9,140676559.25
365,agent,G0,378781.58
365,agent,G1,324260.15
365,agent,G2,1696480.80
365,agent,G3,23479.30
365,agent,G4,3602196.80
365,agent,G5,2745834.02
365,agent,G6,236407.98
365,agent,G7,515062.33
365,agent,G8,785168.57
365,agent,G9,2368296.24
365,firm,F0,146800998.47
365,firm,F1,62417619.70
365,firm,F2,109850802.60
365,firm,F3,101596263.90
365,firm,F4,127192876.93
365,firm,F5,85889139.63
365,firm,F6,135663321.79
365,firm,F7,72735970.08
365,firm,F8,72546558.88
365,firm,F9,140677184.25
366,agent,G0,378781.58
366,agent,G1,324260.15
366,agent,G2,1675459.29
366,agent,G3,-52137.44
366,agent,G4,3602196.80
366,agent,G5,2933770.72
366,agent,G6,257429.48
366,agent,G7,290949.16
366,agent,G8,785168.57
366,agent,G9,2368296.24
366,firm,F0,146800998.47
366,firm,F1,62453796.17
366,firm,F2,109933804.34
366,firm,F3,101596263.90
366,firm,F4,127192876.93
366,firm,F5,85889139.63
366,firm,F6,135663321.79
366,firm,F7,72735970.08
366,firm,F8,72546558.88
366,firm,F9,140677184.25
367,agent,G0,378781.58
367,agent,G1,322770.85
367,agent,G2,1660646.29
367,agent,G3,-46480.35
367,agent,G4,3638766.75
367,agent,G5,2930489.62
367,agent,G6,257429.48
367,agent,G7,290949.16
367,agent,G8,785168.57
367,agent,G9,2368296.24
367,firm,F0,146800998.47
367,firm,F1,62453796.17
367,firm,F2,109948617.34
367,firm,F3,101596263.90
367,firm,F4,127192876.93
367,firm,F5,85889139.63
367,firm,F6,135671646.84
367,firm,F7,72735970.08
367,firm,F8,72545672.20
367,firm,F9,140677184.25
368,agent,G0,411667.46
368,agent,G1,323459.67
368,agent,G2,1156764.29
368,agent,G3,-46480.35
368,agent,G4,3774752.38
368,agent,G5,2930489.62
368,agent,G6,257429.48
368,agent,G7,290949.16
368,agent,G8,785168.57
368,agent,G9,2232310.62
368,firm,F0,146800998.47
368,firm,F1,62453796.17
368,firm,F2,109955489.02
368,firm,F3,101596263.90
368,firm,F4,127192876.93
368,firm,F5,85889139.63
368,firm,F6,135671646.84
368,firm,F7,72735970.08
368,firm,F8,72545672.20
368,firm,F9,141188631.86
369,agent,G0,424641.45
369,agent,G1,337297.39
369,agent,G2,1498870.56
369,agent,G3,-46480.35
369,agent,G4,3726740.38
369,agent,G5,2930489.62
369,agent,G6,257429.48
369,agent,G7,259571.04
369,agent,G8,785168.57
369,agent,G9,2232310.62
369,firm,F0,146800998.47
369,firm,F1,62458362.57
369,firm,F2,109955489.02
369,firm,F3,101596263.90
369,firm,F4,127192876.93
369,firm,F5,85889139.63
369,firm,F6,135719658.84
369,firm,F7,72803377.82
369,firm,F8,72545672.20
369,firm,F9,141188631.86
370,agent,G0,424641.45
370,agent,G1,-148500.16
370,agent,G2,1498870.56
370,agent,G3,-46480.35
370,agent,G4,3858663.16
370,agent,G5,3029846.49
370,agent,G6,257429.48
370,agent,G7,259571.04
370,agent,G8,785168.57
370,agent,G9,2100387.83
370,firm,F0,146800998.47
370,firm,F1,62458362.57
370,firm,F2,109955489.02
370,firm,F3,101621242.56
370,firm,F4,127192876.93
370,firm,F5,85889139.63
370,firm,F6,135719658.84
370,firm,F7,72803377.82
370,firm,F8,73046702.22
370,firm,F9,141188631.86
371,agent,G0,424641.45
371,agent,G1,13128.41
371,agent,G2,1498870.56
371,agent,G3,-46480.35
371,agent,G4,4015166.36
371,agent,G5,2992619.07
371,agent,G6,257429.48
371,agent,G7,259571.04
371,agent,G8,465675.76
371,agent,G9,2100387.83
371,firm,F0,146800998.47
371,firm,F1,62458362.57
371,firm,F2,109955489.02
371,firm,F3,101621242.56
371,firm,F4,127248400.59
371,firm,F5,85889139.63
371,firm,F6,135719658.84
371,firm,F7,72838751.62
371,firm,F8,73046702.22
371,firm,F9,141328199.86
372,agent,G0,377954.21
372,agent,G1,13128.41
372,agent,G2,1498870.56
372,agent,G3,-46480.35
372,agent,G4,4015166.36
372,agent,G5,2992619.07
372,agent,G6,257429.48
372,agent,G7,259571.04
372,agent,G8,503916.81
372,agent,G9,2100387.83
372,firm,F0,146800998.47
372,firm,F1,62458362.57
372,firm,F2,109955489.02
372,firm,F3,101621242.56
372,firm,F4,127248400.59
372,firm,F5,85889139.63
372,firm,F6,135719658.84
372,firm,F7,72838751.62
372,firm,F8,73055148.41
372,firm,F9,141328199.86
373,agent,G0,377954.21
373,agent,G1,21479.58
373,agent,G2,1484057.56
373,agent,G3,-46480.35
373,agent,G4,4015166.36
373,agent,G5,3753005.20
373,agent,G6,257429.48
373,agent,G7,259571.04
373,agent,G8,503916.81
373,agent,G9,1184605.33
373,firm,F0,146801875.93
373,firm,F1,62609617.31
373,firm,F2,109955489.02
373,firm,F3,101621242.56
373,firm,F4,127248400.59
373,firm,F5,85889139.63
373,firm,F6,135719658.84
373,firm,F7,72853564.62
373,firm,F8,73055148.41
373,firm,F9,141328199.86
374,agent,G0,377954.21
374,agent,G1,22345.95
374,agent,G2,1484057.56
374,agent,G3,-41390.11
374,agent,G4,4015166.36
374,agent,G5,3573950.72
374,agent,G6,257429.48
374,agent,G7,259571.04
374,agent,G8,539197.47
374,agent,G9,1184605.33
374,firm,F0,146801875.93
374,firm,F1,62609787.94
374,firm,F2,109955489.02
374,firm,F3,101621242.56
374,firm,F4,127387968.59
374,firm,F5,85889139.63
374,firm,F6,135719658.84
374,firm,F7,72853564.62
374,firm,F8,73055148.41
374,firm,F9,141327315.45
375,agent,G0,377954.21
375,agent,G1,-102871.79
375,agent,G2,1484057.56
375,agent,G3,-41390.11
375,agent,G4,4004591.97
375,agent,G5,3535787.29
375,agent,G6,257429.48
375,agent,G7,259571.04
375,agent,G8,577360.90
375,agent,G9,1184605.33
375,firm,F0,146801875.93
375,firm,F1,62749689.64
375,firm,F2,109955489.02
375,firm,F3,101621242.56
375,firm,F4,127387968.59
375,firm,F5,85889139.63
375,firm,F6,135719658.84
375,firm,F7,72853564.62
375,firm,F8,73055148.41
375,firm,F9,141325389.89
376,agent,G0,377954.21
376,agent,G1,-103383.71
376,agent,G2,1484057.56
376,agent,G3,-17991.21
376,agent,G4,4002407.97
376,agent,G5,3535787.29
376,agent,G6,257429.48
376,agent,G7,231055.73
376,agent,G8,577360.90
376,agent,G9,1412310.63
376,firm,F0,146801875.93
376,firm,F1,62749689.64
376,firm,F2,109955489.02
376,firm,F3,101621242.56
376,firm,F4,127387968.59
376,firm,F5,85889139.63
376,firm,F6,135719658.84
376,firm,F7,72860865.04
376,firm,F8,73055148.41
376,firm,F9,141378654.51
377,agent,G0,336746.75
377,agent,G1,-103933.00
377,agent,G2,1484057.56
377,agent,G3,-17991.21
377,agent,G4,4036791.35
377,agent,G5,3571489.12
377,agent,G6,257429.48
377,agent,G7,231055.73
377,agent,G8,577360.90
377,agent,G9,1410675.92
377,firm,F0,146808700.01
377,firm,F1,62749689.64
377,firm,F2,109955489.02
377,firm,F3,101621242.56
377,firm,F4,127387968.59
377,firm,F5,85889139.63
377,firm,F6,135726381.01
377,firm,F7,72863049.04
377,firm,F8,73055148.41
377,firm,F9,141378654.51
378,agent,G0,336746.75
378,agent,G1,-103933.00
378,agent,G2,1484057.56
378,agent,G3,-17991.21
378,agent,G4,4036791.35
378,agent,G5,3595233.66
378,agent,G6,229688.13
378,agent,G7,231055.73
378,agent,G8,577360.90
378,agent,G9,1410675.92
378,firm,F0,146808700.01
378,firm,F1,62749689.64
378,firm,F2,109955489.02
378,firm,F3,101621242.56
378,firm,F4,127387968.59
378,firm,F5,85889139.63
378,firm,F6,135726381.01
378,firm,F7,72863049.04
378,firm,F8,73055148.41
378,firm,F9,141382651.32
379,agent,G0,336746.75
379,agent,G1,-103933.00
379,agent,G2,1484057.56
379,agent,G3,-17991.21
379,agent,G4,4036791.35
379,agent,G5,3595233.66
379,agent,G6,250702.61
379,agent,G7,205859.07
379,agent,G8,577360.90
379,agent,G9,1410675.92
379,firm,F0,146808700.01
379,firm,F1,62749689.64
379,firm,F2,109959671.20
379,firm,F3,101621242.56
379,firm,F4,127387968.59
379,firm,F5,85889139.63
379,firm,F6,135726381.01
379,firm,F7,72863049.04
379,firm,F8,73055148.41
379,firm,F9,141382651.32
380,agent,G0,336746.75
380,agent,G1,-103933.00
380,agent,G2,2903976.02
380,agent,G3,-17991.21
380,agent,G4,2207270.90
380,agent,G5,3561646.89
380,agent,G6,250702.61
380,agent,G7,205859.07
380,agent,G8,610947.67
380,agent,G9,1410675.92
380,firm,F0,146808700.01
380,firm,F1,62749689.64
380,firm,F2,109959671.20
380,firm,F3,101768377.71
380,firm,F4,127387968.59
380,firm,F5,85889139.63
380,firm,F6,136035953.85
380,firm,F7,72863049.04
380,firm,F8,73055148.41
380,firm,F9,141382651.32
381,agent,G0,360489.44
381,agent,G1,-103933.00
381,agent,G2,2903976.02
381,agent,G3,-17991.21
381,agent,G4,2207270.90
381,agent,G5,2053762.18
381,agent,G6,250702.61
381,agent,G7,205859.07
381,agent,G8,610947.67
381,agent,G9,2386613.95
381,firm,F0,146808700.01
381,firm,F1,62749689.64
381,firm,F2,109959671.20
381,firm,F3,101768377.71
381,firm,F4,127387968.59
381,firm,F5,85893974.94
381,firm,F6,136287442.53
381,firm,F7,72863049.04
381,firm,F8,73055148.41
381,firm,F9,141663109.32
382,agent,G0,220921.44
382,agent,G1,-103933.00
382,agent,G2,3763453.50
382,agent,G3,-17991.21
382,agent,G4,2207270.90
382,agent,G5,2369218.45
382,agent,G6,250702.61
382,agent,G7,205859.07
382,agent,G8,648095.50
382,agent,G9,1336800.27
382,firm,F0,146999036.21
382,firm,F1,62749689.64
382,firm,F2,109959671.20
382,firm,F3,101768377.71
382,firm,F4,127387968.59
382,firm,F5,86111580.84
382,firm,F6,136287442.53
382,firm,F7,72863049.04
382,firm,F8,73055148.41
382,firm,F9,141663109.32
383,agent,G0,220921.44
383,agent,G1,-104474.56
383,agent,G2,3763453.50
383,agent,G3,-17991.21
383,agent,G4,1254929.16
383,agent,G5,2367034.45
383,agent,G6,250702.61
383,agent,G7,1019334.05
383,agent,G8,850483.61
383,agent,G9,1337341.82
383,firm,F0,146999036.21
383,firm,F1,62749689.64
383,firm,F2,109959671.20
383,firm,F3,101812088.60
383,firm,F4,127387968.59
383,firm,F5,86111580.84
383,firm,F6,136289626.53
383,firm,F7,72863049.04
383,firm,F8,73055148.41
383,firm,F9,141801976.09
384,agent,G0,220921.44
384,agent,G1,-104977.79
384,agent,G2,3763453.50
384,agent,G3,440089.01
384,agent,G4,709066.05
384,agent,G5,2364850.45
384,agent,G6,250702.61
384,agent,G7,1050362.46
384,agent,G8,850483.61
384,agent,G9,1337845.05
384,firm,F0,146999036.21
384,firm,F1,62749689.64
384,firm,F2,109959671.20
384,firm,F3,101812088.60
384,firm,F4,127475751.48
384,firm,F5,86120309.42
384,firm,F6,136289626.53
384,firm,F7,72863049.04
384,firm,F8,73055148.41
384,firm,F9,141801976.09
385,agent,G0,248552.55
385,agent,G1,-93534.97
385,agent,G2,3763453.50
385,agent,G3,440089.01
385,agent,G4,724685.74
385,agent,G5,2364850.45
385,agent,G6,250702.61
385,agent,G7,986921.46
385,agent,G8,850483.61
385,agent,G9,1337845.05
385,firm,F0,146999036.21
385,firm,F1,62749689.64
385,firm,F2,109959671.20
385,firm,F3,101812088.60
385,firm,F4,127486388.94
385,firm,F5,86183750.42
385,firm,F6,136287736.45
385,firm,F7,72863049.04
385,firm,F8,73055148.41
385,firm,F9,141801976.09
386,agent,G0,248552.55
386,agent,G1,-94117.40
386,agent,G2,3799256.66
386,agent,G3,440089.01
386,agent,G4,724685.74
386,agent,G5,2362666.45
386,agent,G6,250702.61
386,agent,G7,1300231.65
386,agent,G8,483406.91
386,agent,G9,1338427.48
386,firm,F0,146999036.21
386,firm,F1,62749689.64
386,firm,F2,109959671.20
386,firm,F3,101812088.60
386,firm,F4,127486388.94
386,firm,F5,86183750.42
386,firm,F6,136289920.45
386,firm,F7,72924832.37
386,firm,F8,73055148.41
386,firm,F9,141801976.09
387,agent,G0,243465.55
387,agent,G1,-54988.31
387,agent,G2,3834487.28
387,agent,G3,392319.48
387,agent,G4,724685.74
387,agent,G5,2362666.45
387,agent,G6,250702.61
387,agent,G7,1300231.65
387,agent,G8,483406.91
387,agent,G9,1339546.67
387,firm,F0,146999036.21
387,firm,F1,62757956.02
387,firm,F2,109959671.20
387,firm,F3,101812088.60
387,firm,F4,127491475.94
387,firm,F5,86183750.42
387,firm,F6,136289920.45
387,firm,F7,72924832.37
387,firm,F8,73062669.66
387,firm,F9,141801976.09
388,agent,G0,243465.55
388,agent,G1,-48974.05
388,agent,G2,3834487.28
388,agent,G3,392319.48
388,agent,G4,724685.74
388,agent,G5,2362666.45
388,agent,G6,250702.61
388,agent,G7,1300231.65
388,agent,G8,483406.91
388,agent,G9,1334563.26
388,firm,F0,146999036.21
388,firm,F1,62756925.17
388,firm,F2,109959671.20
388,firm,F3,101812088.60
388,firm,F4,127491475.94
388,firm,F5,86183750.42
388,firm,F6,136289920.45
388,firm,F7,72924832.37
388,firm,F8,73062669.66
388,firm,F9,141801976.09
389,agent,G0,276803.28
389,agent,G1,-55227.10
389,agent,G2,3834487.28
389,agent,G3,392319.48
389,agent,G4,724685.74
389,agent,G5,2837021.87
389,agent,G6,250702.61
389,agent,G7,734401.75
389,agent,G8,483406.91
389,agent,G9,1335729.31
389,firm,F0,147004123.21
389,firm,F1,62756925.17
389,firm,F2,109959671.20
389,firm,F3,101812088.60
389,firm,F4,127491475.94
389,firm,F5,86183750.42
389,firm,F6,136289920.45
389,firm,F7,72924832.37
389,firm,F8,73160796.41
389,firm,F9,141801976.09
390,agent,G0,276803.28
390,agent,G1,-55227.10
390,agent,G2,4316746.83
390,agent,G3,392319.48
390,agent,G4,724685.74
390,agent,G5,2837021.87
390,agent,G6,252983.97
390,agent,G7,734401.75
390,agent,G8,483406.91
390,agent,G9,753885.78
390,firm,F0,147004123.21
390,firm,F1,62761168.17
390,firm,F2,109959671.20
390,firm,F3,101812088.60
390,firm,F4,127491475.94
390,firm,F5,86184525.26
390,firm,F6,136289920.45
390,firm,F7,72924832.37
390,firm,F8,73160796.41
390,firm,F9,141898503.88
391,agent,G0,30704.28
391,agent,G1,-55227.10
391,agent,G2,4316746.83
391,agent,G3,384974.07
391,agent,G4,748149.62
391,agent,G5,2892741.46
391,agent,G6,252983.97
391,agent,G7,734401.75
391,agent,G8,427687.32
391,agent,G9,753885.78
391,firm,F0,147004123.21
391,firm,F1,62761168.17
391,firm,F2,109959671.20
391,firm,F3,101812088.60
391,firm,F4,127491475.94
391,firm,F5,86184525.26
391,firm,F6,136289920.45
391,firm,F7,72930511.49
391,firm,F8,73414240.83
391,firm,F9,141898503.88
392,agent,G0,27371.85
392,agent,G1,-55227.10
392,agent,G2,4316746.83
392,agent,G3,404754.68
392,agent,G4,748149.62
392,agent,G5,2892741.46
392,agent,G6,251953.76
392,agent,G7,734401.75
392,agent,G8,423444.32
392,agent,G9,757724.41
392,firm,F0,147008907.59
392,firm,F1,62761168.17
392,firm,F2,109960195.21
392,firm,F3,101816331.60
392,firm,F4,127491475.94
392,firm,F5,86184525.26
392,firm,F6,136289920.45
392,firm,F7,72930511.49
392,firm,F8,73414240.83
392,firm,F9,141898503.88
393,agent,G0,27371.85
393,agent,G1,-55227.10
393,agent,G2,4316746.83
393,agent,G3,404754.68
393,agent,G4,782959.70
393,agent,G5,2892741.46
393,agent,G6,208289.52
393,agent,G7,734401.75
393,agent,G8,423444.32
393,agent,G9,757724.41
393,firm,F0,147013326.37
393,firm,F1,62761168.17
393,firm,F2,109960195.21
393,firm,F3,101820766.99
393,firm,F4,127491475.94
393,firm,F5,86208859.26
393,firm,F6,136289920.45
393,firm,F7,72930511.49
393,firm,F8,73414240.83
393,firm,F9,141898503.88
394,agent,G0,27371.85
394,agent,G1,-55227.10
394,agent,G2,4375884.31
394,agent,G3,404754.68
394,agent,G4,685595.70
394,agent,G5,1647980.65
394,agent,G6,1277721.87
394,agent,G7,757381.18
394,agent,G8,423444.32
394,agent,G9,757724.41
394,firm,F0,147013326.37
394,firm,F1,62761168.17
394,firm,F2,109960195.21
394,firm,F3,101820766.99
394,firm,F4,127491475.94
394,firm,F5,86208859.26
394,firm,F6,136289920.45
394,firm,F7,73043122.59
394,firm,F8,73589569.28
394,firm,F9,141898503.88
395,agent,G0,27371.85
395,agent,G1,-55227.10
395,agent,G2,4649985.04
395,agent,G3,404754.68
395,agent,G4,685595.70
395,agent,G5,1647980.65
395,agent,G6,1277721.87
395,agent,G7,757381.18
395,agent,G8,423444.32
395,agent,G9,425645.62
395,firm,F0,147013326.37
395,firm,F1,62761168.17
395,firm,F2,109960195.21
395,firm,F3,101820766.99
395,firm,F4,127549454.00
395,firm,F5,86208859.26
395,firm,F6,136289920.45
395,firm,F7,73043122.59
395,firm,F8,73589569.28
395,firm,F9,141898503.88
396,agent,G0,27371.85
396,agent,G1,-55227.10
396,agent,G2,4649985.04
396,agent,G3,404754.68
396,agent,G4,642361.24
396,agent,G5,1647980.65
396,agent,G6,1277721.87
396,agent,G7,757381.18
396,agent,G8,423444.32
396,agent,G9,425645.62
396,firm,F0,147013326.37
396,firm,F1,62761168.17
396,firm,F2,109960195.21
396,firm,F3,101864001.45
396,firm,F4,127549454.00
396,firm,F5,86208859.26
396,firm,F6,136289920.45
396,firm,F7,73043122.59
396,firm,F8,73589569.28
396,firm,F9,141898503.88
397,agent,G0,27371.85
397,agent,G1,-55740.09
397,agent,G2,4647801.04
397,agent,G3,404754.68
397,agent,G4,642361.24
397,agent,G5,1651080.40
397,agent,G6,725285.03
397,agent,G7,757381.18
397,agent,G8,893184.98
397,agent,G9,426158.61
397,firm,F0,147013326.37
397,firm,F1,62761168.17
397,firm,F2,109960195.21
397,firm,F3,101864001.45
397,firm,F4,127549454.00
397,firm,F5,86209509.51
397,firm,F6,136372616.63
397,firm,F7,73045306.59
397,firm,F8,73589569.28
397,firm,F9,141898503.88
398,agent,G0,27371.85
398,agent,G1,-55740.09
398,agent,G2,4647801.04
398,agent,G3,399089.45
398,agent,G4,642361.24
398,agent,G5,1640201.42
398,agent,G6,408045.48
398,agent,G7,757381.18
398,agent,G8,898850.21
398,agent,G9,689147.08
398,firm,F0,147013326.37
398,firm,F1,62761168.17
398,firm,F2,109987366.19
398,firm,F3,101864001.45
398,firm,F4,127549454.00
398,firm,F5,86209509.51
398,firm,F6,136426867.71
398,firm,F7,73045306.59
398,firm,F8,73589569.28
398,firm,F9,141898503.88
399,agent,G0,27371.85
399,agent,G1,-55740.09
399,agent,G2,4576746.04
399,agent,G3,399089.45
399,agent,G4,912545.51
399,agent,G5,1683870.46
399,agent,G6,408045.48
399,agent,G7,757381.18
399,agent,G8,898850.21
399,agent,G9,391761.01
399,firm,F0,147013326.37
399,firm,F1,62832223.17
399,firm,F2,109987366.19
399,firm,F3,101864001.45
399,firm,F4,127592908.47
399,firm,F5,86209509.51
399,firm,F6,136438000.99
399,firm,F7,73045306.59
399,firm,F8,73589569.28
399,firm,F9,141898503.88
400,agent,G0,24371.34
400,agent,G1,-55740.09
400,agent,G2,4576746.04
400,agent,G3,399089.45
400,agent,G4,912545.51
400,agent,G5,1683870.46
400,agent,G6,408045.48
400,agent,G7,757381.18
400,agent,G8,898850.21
400,agent,G9,394234.88
400,firm,F0,147013326.37
400,firm,F1,62832223.17
400,firm,F2,109987892.83
400,firm,F3,101864001.45
400,firm,F4,127592908.47
400,firm,F5,86209509.51
400,firm,F6,136438000.99
400,firm,F7,73045306.59
400,firm,F8,73589569.28
400,firm,F9,141898503.88
401,agent,G0,61712.14
401,agent,G1,-55740.09
401,agent,G2,4576746.04
401,agent,G3,400275.89
401,agent,G4,930436.06
401,agent,G5,1594924.91
401,agent,G6,363777.19
401,agent,G7,757381.18
401,agent,G8,898850.21
401,agent,G9,394234.88
401,firm,F0,147013326.37
401,firm,F1,62832223.17
401,firm,F2,109987892.83
401,firm,F3,101870928.94
401,firm,F4,127592908.47
401,firm,F5,86209509.51
401,firm,F6,136509055.99
401,firm,F7,73045306.59
401,firm,F8,73589569.28
401,firm,F9,141898757.44
402,agent,G0,61712.14
402,agent,G1,-55740.09
402,agent,G2,4576746.04
402,agent,G3,375941.89
402,agent,G4,924624.18
402,agent,G5,1922177.30
402,agent,G6,369589.06
402,agent,G7,763740.71
402,agent,G8,507022.42
402,agent,G9,394234.88
402,firm,F0,147013326.37
402,firm,F1,62832223.17
402,firm,F2,109987892.83
402,firm,F3,101870928.94
402,firm,F4,127592908.47
402,firm,F5,86209509.51
402,firm,F6,136510572.46
402,firm,F7,73109882.00
402,firm,F8,73589569.28
402,firm,F9,141923091.44
403,agent,G0,61712.14
403,agent,G1,-55740.09
403,agent,G2,4296289.53
403,agent,G3,370013.24
403,agent,G4,924624.18
403,agent,G5,1922177.30
403,agent,G6,478608.81
403,agent,G7,739175.71
403,agent,G8,512951.07
403,agent,G9,394234.88
403,firm,F0,147313367.13
403,firm,F1,62832223.17
403,firm,F2,109987892.83
403,firm,F3,101870928.94
403,firm,F4,127592908.47
403,firm,F5,86209509.51
403,firm,F6,136535137.46
403,firm,F7,73109882.00
403,firm,F8,73589569.28
403,firm,F9,141923091.44
404,agent,G0,60573.84
404,agent,G1,-184344.09
404,agent,G2,4438696.84
404,agent,G3,370013.24
404,agent,G4,924624.18
404,agent,G5,1956189.75
404,agent,G6,444596.36
404,agent,G7,739175.71
404,agent,G8,512951.07
404,agent,G9,394234.88
404,firm,F0,147313367.13
404,firm,F1,62960827.17
404,firm,F2,109987892.83
404,firm,F3,101870928.94
404,firm,F4,127592908.47
404,firm,F5,86237285.50
404,firm,F6,136535137.46
404,firm,F7,73109882.00
404,firm,F8,73589569.28
404,firm,F9,141923091.44
405,agent,G0,60573.84
405,agent,G1,-184344.09
405,agent,G2,4438696.84
405,agent,G3,370013.24
405,agent,G4,1194669.30
405,agent,G5,1956189.75
405,agent,G6,444596.36
405,agent,G7,417880.26
405,agent,G8,512951.07
405,agent,G9,394234.88
405,firm,F0,147313367.13
405,firm,F1,62960827.17
405,firm,F2,110039143.16
405,firm,F3,101870928.94
405,firm,F4,127592908.47
405,firm,F5,86237285.50
405,firm,F6,136535137.46
405,firm,F7,73109882.00
405,firm,F8,73589569.28
405,firm,F9,141923091.44
406,agent,G0,792153.27
406,agent,G1,-184344.09
406,agent,G2,4713922.48
406,agent,G3,370013.24
406,agent,G4,1194669.30
406,agent,G5,1129567.05
406,agent,G6,282243.96
406,agent,G7,417880.26
406,agent,G8,512951.07
406,agent,G9,394234.88
406,firm,F0,147441971.13
406,firm,F1,62960827.17
406,firm,F2,110039143.16
406,firm,F3,101936598.30
406,firm,F4,127592908.47
406,firm,F5,86366077.17
406,firm,F6,136535137.46
406,firm,F7,73109882.00
406,firm,F8,73589569.28
406,firm,F9,141923091.44
407,agent,G0,792153.27
407,agent,G1,-184344.09
407,agent,G2,4814650.91
407,agent,G3,370013.24
407,agent,G4,657396.98
407,agent,G5,1129567.05
407,agent,G6,287779.66
407,agent,G7,417880.26
407,agent,G8,512951.07
407,agent,G9,818671.94
407,firm,F0,147441971.13
407,firm,F1,63043792.72
407,firm,F2,110039143.16
407,firm,F3,101960932.30
407,firm,F4,127592908.47
407,firm,F5,86389051.74
407,firm,F6,136535137.46
407,firm,F7,73109882.00
407,firm,F8,73589569.28
407,firm,F9,141923091.44
408,agent,G0,792153.27
408,agent,G1,-184344.09
408,agent,G2,4790085.91
408,agent,G3,364384.35
408,agent,G4,657396.98
408,agent,G5,671170.35
408,agent,G6,722368.24
408,agent,G7,417880.26
408,agent,G8,518579.96
408,agent,G9,818671.94
408,firm,F0,147441971.13
408,firm,F1,63043792.72
408,firm,F2,110039143.16
408,firm,F3,101985497.30
408,firm,F4,127592908.47
408,firm,F5,86466201.68
408,firm,F6,136548446.65
408,firm,F7,73109882.00
408,firm,F8,73589569.28
408,firm,F9,141923091.44
409,agent,G0,822939.16
409,agent,G1,-184344.09
409,agent,G2,4759300.02
409,agent,G3,397795.56
409,agent,G4,657396.98
409,agent,G5,808410.71
409,agent,G6,405417.00
409,agent,G7,417880.26
409,agent,G8,518579.96
409,agent,G9,818671.94
409,firm,F0,147441971.13
409,firm,F1,63099800.60
409,firm,F2,110039143.16
409,firm,F3,101993100.09
409,firm,F4,127592908.47
409,firm,F5,86466201.68
409,firm,F6,136672149.65
409,firm,F7,73109882.00
409,firm,F8,73589569.28
409,firm,F9,141923091.44
410,agent,G0,822939.16
410,agent,G1,-184344.09
410,agent,G2,4759300.02
410,agent,G3,328649.02
410,agent,G4,657396.98
410,agent,G5,808410.71
410,agent,G6,456752.08
410,agent,G7,424930.01
410,agent,G8,518579.96
410,agent,G9,818671.94
410,firm,F0,147441971.13
410,firm,F1,63099800.60
410,firm,F2,110039143.16
410,firm,F3,102022521.09
410,firm,F4,127592908.47
410,firm,F5,86471977.86
410,firm,F6,136672149.65
410,firm,F7,73114867.52
410,firm,F8,73589569.28
410,firm,F9,141923091.44
411,agent,G0,822939.16
411,agent,G1,-184344.09
411,agent,G2,4759300.02
411,agent,G3,328649.02
411,agent,G4,374103.90
411,agent,G5,808410.71
411,agent,G6,456752.08
411,agent,G7,424930.01
411,agent,G8,761204.47
411,agent,G9,818671.94
411,firm,F0,147482639.70
411,firm,F1,63099800.60
411,firm,F2,110039143.16
411,firm,F3,102022521.09
411,firm,F4,127592908.47
411,firm,F5,86471977.86
411,firm,F6,136672149.65
411,firm,F7,73114867.52
411,firm,F8,73589569.28
411,firm,F9,141923091.44
412,agent,G0,822939.16
412,agent,G1,-184344.09
412,agent,G2,4410482.67
412,agent,G3,159604.02
412,agent,G4,420141.28
412,agent,G5,808410.71
412,agent,G6,456752.08
412,agent,G7,424930.01
412,agent,G8,880887.82
412,agent,G9,818671.94
412,firm,F0,147651684.70
412,firm,F1,63099800.60
412,firm,F2,110039143.16
412,firm,F3,102022521.09
412,firm,F4,127620132.11
412,firm,F5,86471977.86
412,firm,F6,136974929.63
412,firm,F7,73114867.52
412,firm,F8,73589569.28
412,firm,F9,141923091.44
413,agent,G0,822939.16
413,agent,G1,-184344.09
413,agent,G2,2417694.71
413,agent,G3,159604.02
413,agent,G4,420141.28
413,agent,G5,808410.71
413,agent,G6,466520.85
413,agent,G7,424930.01
413,agent,G8,848084.47
413,agent,G9,2377090.85
413,firm,F0,147651684.70
413,firm,F1,63101934.83
413,firm,F2,110039143.16
413,firm,F3,102022521.09
413,firm,F4,127620132.11
413,firm,F5,86618884.86
413,firm,F6,137295195.04
413,firm,F7,73114867.52
413,firm,F8,73589569.28
413,firm,F9,141923091.44
414,agent,G0,1163776.39
414,agent,G1,-184344.09
414,agent,G2,2388995.68
414,agent,G3,169611.71
414,agent,G4,420141.28
414,agent,G5,808410.71
414,agent,G6,342817.85
414,agent,G7,424930.01
414,agent,G8,481755.10
414,agent,G9,2377090.85
414,firm,F0,147651684.70
414,firm,F1,63101934.83
414,firm,F2,110039143.16
414,firm,F3,102024634.39
414,firm,F4,127620132.11
414,firm,F5,86618884.86
414,firm,F6,137295195.04
414,firm,F7,73238570.52
414,firm,F8,73589569.28
414,firm,F9,141977282.61
415,agent,G0,1221193.72
415,agent,G1,-184344.09
415,agent,G2,2388995.68
415,agent,G3,169611.71
415,agent,G4,374942.09
415,agent,G5,789822.45
415,agent,G6,342817.85
415,agent,G7,429135.97
415,agent,G8,415104.10
415,agent,G9,2377090.85
415,firm,F0,147651684.70
415,firm,F1,63102889.88
415,firm,F2,110039143.16
415,firm,F3,102024634.39
415,firm,F4,127686783.11
415,firm,F5,86618884.86
415,firm,F6,137301565.15
415,firm,F7,73238570.52
415,firm,F8,73589569.28
415,firm,F9,141977282.61
416,agent,G0,706332.09
416,agent,G1,-184344.09
416,agent,G2,2388995.68
416,agent,G3,169611.71
416,agent,G4,818158.62
416,agent,G5,771698.35
416,agent,G6,342817.85
416,agent,G7,429135.97
416,agent,G8,415104.10
416,agent,G9,2377090.85
416,firm,F0,147651684.70
416,firm,F1,63102889.88
416,firm,F2,110113660.37
416,firm,F3,102024634.39
416,firm,F4,127686783.11
416,firm,F5,86618884.86
416,firm,F6,137380513.15
416,firm,F7,73238570.52
416,firm,F8,73589569.28
416,firm,F9,141977282.61
417,agent,G0,706332.09
417,agent,G1,-184344.09
417,agent,G2,1338796.54
417,agent,G3,169611.71
417,agent,G4,819337.93
417,agent,G5,766537.35
417,agent,G6,342817.85
417,agent,G7,427956.65
417,agent,G8,1320479.25
417,agent,G9,2377090.85
417,firm,F0,147840886.43
417,firm,F1,63102889.88
417,firm,F2,110113660.37
417,firm,F3,102024634.39
417,firm,F4,127697150.36
417,firm,F5,86618884.86
417,firm,F6,137385674.15
417,firm,F7,73238570.52
417,firm,F8,73589569.28
417,firm,F9,141977282.61
418,agent,G0,706332.09
418,agent,G1,-184344.09
418,agent,G2,1338796.54
418,agent,G3,150955.41
418,agent,G4,819337.93
418,agent,G5,766537.35
418,agent,G6,358083.89
418,agent,G7,427956.65
418,agent,G8,1320479.25
418,agent,G9,2377090.85
418,firm,F0,147840886.43
418,firm,F1,63102889.88
418,firm,F2,110113660.37
418,firm,F3,102024634.39
418,firm,F4,127700540.63
418,firm,F5,86618884.86
418,firm,F6,137385674.15
418,firm,F7,73238570.52
418,firm,F8,73589569.28
418,firm,F9,141977282.61
419,agent,G0,706332.09
419,agent,G1,-184344.09
419,agent,G2,1634690.37
419,agent,G3,150955.41
419,agent,G4,459996.68
419,agent,G5,766537.35
419,agent,G6,352922.89
419,agent,G7,426780.32
419,agent,G8,1400317.81
419,agent,G9,2377090.85
419,firm,F0,147840886.43
419,firm,F1,63108050.88
419,firm,F2,110113660.37
419,firm,F3,102024634.39
419,firm,F4,127765164.39
419,firm,F5,86618884.86
419,firm,F6,137400228.59
419,firm,F7,73238570.52
419,firm,F8,73589569.28
419,firm,F9,141977282.61
420,agent,G0,734988.36
420,agent,G1,-184344.09
420,agent,G2,1634690.37
420,agent,G3,150955.41
420,agent,G4,459996.68
420,agent,G5,805743.26
420,agent,G6,352922.89
420,agent,G7,380630.17
420,agent,G8,1363478.22
420,agent,G9,2377090.85
420,firm,F0,147840886.43
420,firm,F1,63108050.88
420,firm,F2,110128787.93
420,firm,F3,102024634.39
420,firm,F4,127765164.39
420,firm,F5,86618884.86
420,firm,F6,137449419.59
420,firm,F7,73238570.52
420,firm,F8,73589569.28
420,firm,F9,141977282.61
421,agent,G0,673162.36
421,agent,G1,-184344.09
421,agent,G2,1634690.37
421,agent,G3,134539.30
421,agent,G4,459996.68
421,agent,G5,821722.91
421,agent,G6,352922.89
421,agent,G7,380630.17
421,agent,G8,1412914.66
421,agent,G9,2377090.85
421,firm,F0,147840886.43
421,firm,F1,63110692.01
421,firm,F2,110200798.82
421,firm,F3,102024634.39
421,firm,F4,127765164.39
421,firm,F5,86618884.86
421,firm,F6,137449419.59
421,firm,F7,73238570.52
421,firm,F8,73589569.28
421,firm,F9,141977282.61
422,agent,G0,673162.36
422,agent,G1,-184344.09
422,agent,G2,1634690.37
422,agent,G3,119968.76
422,agent,G4,459996.68
422,agent,G5,821722.91
422,agent,G6,352922.89
422,agent,G7,380630.17
422,agent,G8,1425251.98
422,agent,G9,2377090.85
422,firm,F0,147840886.43
422,firm,F1,63110692.01
422,firm,F2,110200798.82
422,firm,F3,102024634.39
422,firm,F4,127767397.60
422,firm,F5,86618884.86
422,firm,F6,137449419.59
422,firm,F7,73238570.52
422,firm,F8,73589569.28
422,firm,F9,141977282.61
423,agent,G0,673162.36
423,agent,G1,-184344.09
423,agent,G2,1652406.93
423,agent,G3,421900.40
423,agent,G4,466686.06
423,agent,G5,466276.22
423,agent,G6,352922.89
423,agent,G7,380630.17
423,agent,G8,1396205.98
423,agent,G9,2377090.85
423,firm,F0,147840886.43
423,firm,F1,63110692.01
423,firm,F2,110283359.87
423,firm,F3,102029274.45
423,firm,F4,127767397.60
423,firm,F5,86618884.86
423,firm,F6,137449419.59
423,firm,F7,73238570.52
423,firm,F8,73589569.28
423,firm,F9,141977282.61
424,agent,G0,382886.79
424,agent,G1,63910.23
424,agent,G2,1667295.12
424,agent,G3,419117.35
424,agent,G4,466686.06
424,agent,G5,466276.22
424,agent,G6,355705.94
424,agent,G7,380630.17
424,agent,G8,1396205.98
424,agent,G9,2377090.85
424,firm,F0,147840886.43
424,firm,F1,63110692.01
424,firm,F2,110325381.11
424,firm,F3,102029274.45
424,firm,F4,127772743.41
424,firm,F5,86631005.86
424,firm,F6,137449419.59
424,firm,F7,73238570.52
424,firm,F8,73589569.28
424,firm,F9,141977282.61
425,agent,G0,382886.79
425,agent,G1,63910.23
425,agent,G2,1667295.12
425,agent,G3,416748.54
425,agent,G4,467985.14
425,agent,G5,466276.22
425,agent,G6,355705.94
425,agent,G7,338524.15
425,agent,G8,1431265.26
425,agent,G9,2377090.85
425,firm,F0,147841525.24
425,firm,F1,63110692.01
425,firm,F2,110325381.11
425,firm,F3,102034435.45
425,firm,F4,127772743.41
425,firm,F5,86631005.86
425,firm,F6,137455167.27
425,firm,F7,73238570.52
425,firm,F8,73589569.28
425,firm,F9,141977282.61
426,agent,G0,905938.36
426,agent,G1,63910.23
426,agent,G2,1658278.65
426,agent,G3,425765.01
426,agent,G4,467985.14
426,agent,G5,466276.22
426,agent,G6,327612.79
426,agent,G7,338524.15
426,agent,G8,809304.62
426,agent,G9,2377090.85
426,firm,F0,147841525.24
426,firm,F1,63110692.01
426,firm,F2,110325381.11
426,firm,F3,102166499.68
426,firm,F4,127772743.41
426,firm,F5,86631005.86
426,firm,F6,137455167.27
426,firm,F7,73238570.52
426,firm,F8,73589569.28
426,firm,F9,141977282.61
427,agent,G0,905938.36
427,agent,G1,63910.23
427,agent,G2,1621485.19
427,agent,G3,720392.06
427,agent,G4,475732.59
427,agent,G5,466276.22
427,agent,G6,327612.79
427,agent,G7,416582.46
427,agent,G8,456487.97
427,agent,G9,2377090.85
427,firm,F0,147841525.24
427,firm,F1,63129093.69
427,firm,F2,110325381.11
427,firm,F3,102166499.68
427,firm,F4,127801789.41
427,firm,F5,86631005.86
427,firm,F6,137455167.27
427,firm,F7,73296760.13
427,firm,F8,73589569.28
427,firm,F9,141977282.61
428,agent,G0,905938.36
428,agent,G1,63910.23
428,agent,G2,1621485.19
428,agent,G3,720392.06
428,agent,G4,499599.65
428,agent,G5,415329.73
428,agent,G6,327612.79
428,agent,G7,457670.69
428,agent,G8,451326.97
428,agent,G9,2377090.85
428,firm,F0,147841525.24
428,firm,F1,63133946.17
428,firm,F2,110325381.11
428,firm,F3,102166499.68
428,firm,F4,127815588.14
428,firm,F5,86631005.86
428,firm,F6,137455167.27
428,firm,F7,73296760.13
428,firm,F8,73589569.28
428,firm,F9,141977282.61
429,agent,G0,905938.36
429,agent,G1,63910.23
429,agent,G2,1614373.37
429,agent,G3,720392.06
429,agent,G4,507699.69
429,agent,G5,415329.73
429,agent,G6,292124.45
429,agent,G7,473175.39
429,agent,G8,451326.97
429,agent,G9,2377090.85
429,firm,F0,147841525.24
429,firm,F1,63133946.17
429,firm,F2,110325381.11
429,firm,F3,102195545.68
429,firm,F4,127815588.14
429,firm,F5,86633939.17
429,firm,F6,137455167.27
429,firm,F7,73302214.24
429,firm,F8,73589569.28
429,firm,F9,141977282.61
430,agent,G0,618745.81
430,agent,G1,63910.23
430,agent,G2,2013662.28
430,agent,G3,720392.06
430,agent,G4,501127.76
430,agent,G5,421901.66
430,agent,G6,292124.45
430,agent,G7,473175.39
430,agent,G8,451326.97
430,agent,G9,2377090.85
430,firm,F0,147841525.24
430,firm,F1,63133946.17
430,firm,F2,110325381.11
430,firm,F3,102195545.68
430,firm,F4,127815588.14
430,firm,F5,86713188.97
430,firm,F6,137455167.27
430,firm,F7,73369455.09
430,firm,F8,73589569.28
430,firm,F9,141977282.61
431,agent,G0,618745.81
431,agent,G1,63910.23
431,agent,G2,2098050.95
431,agent,G3,720392.06
431,agent,G4,501127.76
431,agent,G5,421901.66
431,agent,G6,260689.66
431,agent,G7,350372.95
431,agent,G8,478317.07
431,agent,G9,2377090.85
431,firm,F0,147841525.24
431,firm,F1,63133946.17
431,firm,F2,110325381.11
431,firm,F3,102195545.68
431,firm,F4,127815588.14
431,firm,F5,86809648.97
431,firm,F6,137465987.04
431,firm,F7,73369455.09
431,firm,F8,73589569.28
431,firm,F9,141981727.29
432,agent,G0,878660.05
432,agent,G1,63910.23
432,agent,G2,2098050.95
432,agent,G3,403811.98
432,agent,G4,501127.76
432,agent,G5,421901.66
432,agent,G6,260689.66
432,agent,G7,351276.27
432,agent,G8,478317.07
432,agent,G9,2567752.79
432,firm,F0,147883249.30
432,firm,F1,63133946.17
432,firm,F2,110325381.11
432,firm,F3,102195545.68
432,firm,F4,127815588.14
432,firm,F5,86809648.97
432,firm,F6,137465987.04
432,firm,F7,73369455.09
432,firm,F8,73645331.79
432,firm,F9,141981727.29
433,agent,G0,878660.05
433,agent,G1,63910.23
433,agent,G2,2122947.32
433,agent,G3,403811.98
433,agent,G4,501127.76
433,agent,G5,415314.71
433,agent,G6,260689.66
433,agent,G7,326379.90
433,agent,G8,478317.07
433,agent,G9,2487869.89
433,firm,F0,147883249.30
433,firm,F1,63133946.17
433,firm,F2,110325381.11
433,firm,F3,102195545.68
433,firm,F4,127815588.14
433,firm,F5,86809648.97
433,firm,F6,137465987.04
433,firm,F7,73469510.99
433,firm,F8,73645331.79
433,firm,F9,141988314.24
434,agent,G0,878660.05
434,agent,G1,63910.23
434,agent,G2,2090097.32
434,agent,G3,403811.98
434,agent,G4,501127.76
434,agent,G5,1350317.38
434,agent,G6,260689.66
434,agent,G7,335234.38
434,agent,G8,478317.07
434,agent,G9,1414884.87
434,firm,F0,147883249.30
434,firm,F1,63133946.17
434,firm,F2,110325381.11
434,firm,F3,102195545.68
434,firm,F4,127815588.14
434,firm,F5,86809648.97
434,firm,F6,137660814.91
434,firm,F7,73469510.99
434,firm,F8,73645331.79
434,firm,F9,141988314.24
435,agent,G0,884045.85
435,agent,G1,63910.23
435,agent,G2,2090097.32
435,agent,G3,359486.63
435,agent,G4,494105.52
435,agent,G5,1393776.65
435,agent,G6,260689.66
435,agent,G7,307735.38
435,agent,G8,478317.07
435,agent,G9,1414884.87
435,firm,F0,147883249.30
435,firm,F1,63161445.17
435,firm,F2,110325381.11
435,firm,F3,102195545.68
435,firm,F4,127815588.14
435,firm,F5,86809648.97
435,firm,F6,137660814.91
435,firm,F7,73469510.99
435,firm,F8,73645331.79
435,firm,F9,141997404.76
436,agent,G0,884045.85
436,agent,G1,56956.56
436,agent,G2,2090097.32
436,agent,G3,346146.94
436,agent,G4,494105.52
436,agent,G5,1393776.65
436,agent,G6,266518.04
436,agent,G7,307735.38
436,agent,G8,488043.85
436,agent,G9,1414884.87
436,firm,F0,147901688.30
436,firm,F1,63161445.17
436,firm,F2,110326506.40
436,firm,F3,102195545.68
436,firm,F4,127815588.14
436,firm,F5,86813261.87
436,firm,F6,137660814.91
436,firm,F7,73469510.99
436,firm,F8,73645331.79
436,firm,F9,141997404.76
437,agent,G0,884045.85
437,agent,G1,56956.56
437,agent,G2,2118003.63
437,agent,G3,346146.94
437,agent,G4,494105.52
437,agent,G5,1198618.65
437,agent,G6,266518.04
437,agent,G7,274094.61
437,agent,G8,595097.34
437,agent,G9,1467172.16
437,firm,F0,147901688.30
437,firm,F1,63167179.64
437,firm,F2,110326506.40
437,firm,F3,102195545.68
437,firm,F4,127815588.14
437,firm,F5,86849079.10
437,firm,F6,137855972.91
437,firm,F7,73469510.99
437,firm,F8,73645331.79
437,firm,F9,141997404.76
438,agent,G0,845144.85
438,agent,G1,56956.56
438,agent,G2,2118003.63
438,agent,G3,346146.94
438,agent,G4,503402.72
438,agent,G5,1246881.50
438,agent,G6,266518.04
438,agent,G7,244534.05
438,agent,G8,595097.34
438,agent,G9,1467172.16
438,firm,F0,147901688.30
438,firm,F1,63167179.64
438,firm,F2,110337407.91
438,firm,F3,102195545.68
438,firm,F4,127815588.14
438,firm,F5,86849079.10
438,firm,F6,137855972.91
438,firm,F7,73469510.99
438,firm,F8,73645331.79
438,firm,F9,142036305.76
439,agent,G0,845144.85
439,agent,G1,56956.56
439,agent,G2,2141614.93
439,agent,G3,370400.33
439,agent,G4,503402.72
439,agent,G5,1246881.50
439,agent,G6,237467.83
439,agent,G7,236505.07
439,agent,G8,498637.34
439,agent,G9,1467172.16
439,firm,F0,147901688.30
439,firm,F1,63167179.64
439,firm,F2,110337407.91
439,firm,F3,102195545.68
439,firm,F4,127815588.14
439,firm,F5,86948752.77
439,firm,F6,137855972.91
439,firm,F7,73474307.80
439,firm,F8,73645331.79
439,firm,F9,142036305.76
440,agent,G0,845144.85
440,agent,G1,56956.56
440,agent,G2,2141614.93
440,agent,G3,370400.33
440,agent,G4,442261.15
440,agent,G5,1253597.08
440,agent,G6,220345.49
440,agent,G7,236505.07
440,agent,G8,543548.77
440,agent,G9,1467172.16
440,firm,F0,147901688.30
440,firm,F1,63167179.64
440,firm,F2,110337407.91
440,firm,F3,102205060.25
440,firm,F4,127815588.14
440,firm,F5,86948752.77
440,firm,F6,137855972.91
440,firm,F7,73504076.14
440,firm,F8,73645331.79
440,firm,F9,142036305.76
441,agent,G0,845144.85
441,agent,G1,50770.86
441,agent,G2,2141614.93
441,agent,G3,370400.33
441,agent,G4,419310.52
441,agent,G5,1242852.32
441,agent,G6,220345.49
441,agent,G7,236505.07
441,agent,G8,543548.77
441,agent,G9,1482485.92
441,firm,F0,147901688.30
441,firm,F1,63206080.64
441,firm,F2,110337407.91
441,firm,F3,102207993.48
441,firm,F4,127815588.14
441,firm,F5,86948752.77
441,firm,F6,137855972.91
441,firm,F7,73505056.23
441,firm,F8,73645331.79
441,firm,F9,142036305.76
442,agent,G0,845144.85
442,agent,G1,50770.86
442,agent,G2,2163299.75
442,agent,G3,370400.33
442,agent,G4,373383.51
442,agent,G5,1242852.32
442,agent,G6,220345.49
442,agent,G7,252755.35
442,agent,G8,543548.77
442,agent,G9,1420354.33
442,firm,F0,147901688.30
442,firm,F1,63206080.64
442,firm,F2,110337407.91
442,firm,F3,102207993.48
442,firm,F4,127815588.14
442,firm,F5,86948752.77
442,firm,F6,137855972.91
442,firm,F7,73609522.82
442,firm,F8,73645331.79
442,firm,F9,142044297.66
443,agent,G0,845144.85
443,agent,G1,50770.86
443,agent,G2,2163299.75
443,agent,G3,385597.81
443,agent,G4,333184.71
443,agent,G5,1242852.32
443,agent,G6,254823.40
443,agent,G7,227105.23
443,agent,G8,543548.77
443,agent,G9,1420354.33
443,firm,F0,147975174.84
443,firm,F1,63206080.64
443,firm,F2,110337407.91
443,firm,F3,102207993.48
443,firm,F4,127815588.14
443,firm,F5,86948752.77
443,firm,F6,137855972.91
443,firm,F7,73609522.82
443,firm,F8,73645331.79
443,firm,F9,142044297.66
444,agent,G0,845532.14
444,agent,G1,50770.86
444,agent,G2,2163299.75
444,agent,G3,431480.21
444,agent,G4,296768.45
444,agent,G5,1242852.32
444,agent,G6,254823.40
444,agent,G7,154130.51
444,agent,G8,543548.77
444,agent,G9,1420354.33
444,firm,F0,148032487.84
444,firm,F1,63206080.64
444,firm,F2,110337407.91
444,firm,F3,102208078.19
444,firm,F4,127815588.14
444,firm,F5,86948752.77
444,firm,F6,137855972.91
444,firm,F7,73609522.82
444,firm,F8,73651527.38
444,firm,F9,142044297.66
445,agent,G0,824265.52
445,agent,G1,50770.86
445,agent,G2,2163299.75
445,agent,G3,435568.02
445,agent,G4,296768.45
445,agent,G5,1242852.32
445,agent,G6,254823.40
445,agent,G7,154130.51
445,agent,G8,539460.96
445,agent,G9,1420354.33
445,firm,F0,148066350.41
445,firm,F1,63206080.64
445,firm,F2,110337407.91
445,firm,F3,102208078.19
445,firm,F4,127815588.14
445,firm,F5,86948752.77
445,firm,F6,137855972.91
445,firm,F7,73609522.82
445,firm,F8,73721089.43
445,firm,F9,142044297.66
446,agent,G0,828614.05
446,agent,G1,45225.59
446,agent,G2,2163299.75
446,agent,G3,440663.51
446,agent,G4,296768.45
446,agent,G5,1242852.32
446,agent,G6,254823.40
446,agent,G7,154130.51
446,agent,G8,534365.47
446,agent,G9,1420354.33
446,firm,F0,148066350.41
446,firm,F1,63206080.64
446,firm,F2,110337407.91
446,firm,F3,102208078.19
446,firm,F4,127816524.51
446,firm,F5,86971184.14
446,firm,F6,137855972.91
446,firm,F7,73609522.82
446,firm,F8,73721089.43
446,firm,F9,142044297.66
447,agent,G0,828614.05
447,agent,G1,45225.59
447,agent,G2,1220767.60
447,agent,G3,444885.04
447,agent,G4,1084876.10
447,agent,G5,1224413.32
447,agent,G6,279782.23
447,agent,G7,154130.51
447,agent,G8,530143.94
447,agent,G9,1420354.33
447,firm,F0,148066350.41
447,firm,F1,63206080.64
447,firm,F2,110355846.91
447,firm,F3,102213125.36
447,firm,F4,127816524.51
447,firm,F5,86971184.14
447,firm,F6,137855972.91
447,firm,F7,73609522.82
447,firm,F8,73875513.93
447,firm,F9,142044297.66
448,agent,G0,828614.05
448,agent,G1,45225.59
448,agent,G2,1220767.60
448,agent,G3,444885.04
448,agent,G4,1084876.10
448,agent,G5,1224413.32
448,agent,G6,285330.47
448,agent,G7,154130.51
448,agent,G8,469582.22
448,agent,G9,1433295.26
448,firm,F0,148066350.41
448,firm,F1,63206080.64
448,firm,F2,110355846.91
448,firm,F3,102213125.36
448,firm,F4,127816524.51
448,firm,F5,86993399.14
448,firm,F6,137855972.91
448,firm,F7,73609522.82
448,firm,F8,73879239.77
448,firm,F9,142082644.39
449,agent,G0,828614.05
449,agent,G1,45225.59
449,agent,G2,1220767.60
449,agent,G3,447622.67
449,agent,G4,1084876.10
449,agent,G5,1224413.32
449,agent,G6,277228.40
449,agent,G7,151318.97
449,agent,G8,477684.28
449,agent,G9,1403289.26
449,firm,F0,148066350.41
449,firm,F1,63206646.00
449,firm,F2,110355846.91
449,firm,F3,102213125.36
449,firm,F4,127819336.06
449,firm,F5,86993399.14
449,firm,F6,137855972.91
449,firm,F7,73609522.82
449,firm,F8,73909245.77
449,firm,F9,142082644.39
450,agent,G0,828614.05
450,agent,G1,45225.59
450,agent,G2,1133109.99
450,agent,G3,447622.67
450,agent,G4,1084876.10
450,agent,G5,1224413.32
450,agent,G6,283430.66
450,agent,G7,129103.97
450,agent,G8,477684.28
450,agent,G9,1403016.05
450,firm,F0,148066350.41
450,firm,F1,63228861.00
450,firm,F2,110357300.87
450,firm,F3,102213125.36
450,firm,F4,127906993.67
450,firm,F5,86993399.14
450,firm,F6,137855972.91
450,firm,F7,73609522.82
450,firm,F8,73909245.77
450,firm,F9,142082644.39
451,agent,G0,828496.02
451,agent,G1,45225.59
451,agent,G2,1133109.99
451,agent,G3,447622.67
451,agent,G4,614980.12
451,agent,G5,1224413.32
451,agent,G6,283548.69
451,agent,G7,129103.97
451,agent,G8,477684.28
451,agent,G9,1849027.17
451,firm,F0,148066350.41
451,firm,F1,63228861.00
451,firm,F2,110357772.87
451,firm,F3,102213125.36
451,firm,F4,127906993.67
451,firm,F5,86993399.14
451,firm,F6,137866111.68
451,firm,F7,73681413.90
451,firm,F8,73909245.77
451,firm,F9,142082644.39
452,agent,G0,828496.02
452,agent,G1,40360.19
452,agent,G2,1137289.71
452,agent,G3,447622.67
452,agent,G4,614980.12
452,agent,G5,1224413.32
452,agent,G6,267214.90
452,agent,G7,129103.97
452,agent,G8,489615.85
452,agent,G9,1849027.17
452,firm,F0,148066350.41
452,firm,F1,63228861.00
452,firm,F2,110357772.87
452,firm,F3,102235754.36
452,firm,F4,127906993.67
452,firm,F5,86993399.14
452,firm,F6,137866797.36
452,firm,F7,73681413.90
452,firm,F8,73909245.77
452,firm,F9,142087046.60
453,agent,G0,432526.53
453,agent,G1,40360.19
453,agent,G2,1137289.71
453,agent,G3,461221.48
453,agent,G4,614980.12
453,agent,G5,1224413.32
453,agent,G6,267214.90
453,agent,G7,129103.97
453,agent,G8,785411.77
453,agent,G9,1835428.36
453,firm,F0,148066350.41
453,firm,F1,63228861.00
453,firm,F2,110357772.87
453,firm,F3,102294371.36
453,firm,F4,127911272.47
453,firm,F5,86993399.14
453,firm,F6,137866797.36
453,firm,F7,73681413.90
453,firm,F8,73909245.77
453,firm,F9,142145848.37
454,agent,G0,385931.49
454,agent,G1,40360.19
454,agent,G2,1137289.71
454,agent,G3,439697.48
454,agent,G4,614980.12
454,agent,G5,1224413.32
454,agent,G6,272098.29
454,agent,G7,161700.47
454,agent,G8,820438.65
454,agent,G9,1835428.36
454,firm,F0,148066350.41
454,firm,F1,63250385.00
454,firm,F2,110357772.87
454,firm,F3,102294371.36
454,firm,F4,127917957.23
454,firm,F5,86993399.14
454,firm,F6,137866797.36
454,firm,F7,73681413.90
454,firm,F8,73916763.27
454,firm,F9,142145848.37
455,agent,G0,385931.49
455,agent,G1,460970.17
455,agent,G2,643409.01
455,agent,G3,454788.01
455,agent,G4,614980.12
455,agent,G5,1224413.32
455,agent,G6,272098.29
455,agent,G7,161700.47
455,agent,G8,820438.65
455,agent,G9,1761720.84
455,firm,F0,148066350.41
455,firm,F1,63250385.00
455,firm,F2,110357772.87
455,firm,F3,102294371.36
455,firm,F4,127917957.23
455,firm,F5,86994242.23
455,firm,F6,137925414.36
455,firm,F7,73681413.90
455,firm,F8,73994692.91
455,firm,F9,142145848.37
456,agent,G0,387376.38
456,agent,G1,454023.28
456,agent,G2,685245.50
456,agent,G3,750220.46
456,agent,G4,614980.12
456,agent,G5,1224413.32
456,agent,G6,272098.29
456,agent,G7,161700.47
456,agent,G8,459520.18
456,agent,G9,1761720.84
456,firm,F0,148066350.41
456,firm,F1,63250385.00
456,firm,F2,110368159.37
456,firm,F3,102294371.36
456,firm,F4,127917957.23
456,firm,F5,87065230.26
456,firm,F6,137925414.36
456,firm,F7,73681413.90
456,firm,F8,73994692.91
456,firm,F9,142145848.37
457,agent,G0,387376.38
457,agent,G1,447175.49
457,agent,G2,685245.50
457,agent,G3,750220.46
457,agent,G4,614980.12
457,agent,G5,1224413.32
457,agent,G6,277982.11
457,agent,G7,161700.47
457,agent,G8,453636.36
457,agent,G9,1748506.76
457,firm,F0,148066350.41
457,firm,F1,63250385.00
457,firm,F2,110368159.37
457,firm,F3,102294371.36
457,firm,F4,127917957.23
457,firm,F5,87065230.26
457,firm,F6,137925414.36
457,firm,F7,73681413.90
457,firm,F8,74024959.77
457,firm,F9,142145848.37
458,agent,G0,344988.69
458,agent,G1,482263.08
458,agent,G2,671635.79
458,agent,G3,750220.46
458,agent,G4,614980.12
458,agent,G5,1224413.32
458,agent,G6,277982.11
458,agent,G7,161700.47
458,agent,G8,495355.20
458,agent,G9,1762116.47
458,firm,F0,148066350.41
458,firm,F1,63250385.00
458,firm,F2,110368159.37
458,firm,F3,102294371.36
458,firm,F4,127917957.23
458,firm,F5,87072530.36
458,firm,F6,137925414.36
458,firm,F7,73681413.90
458,firm,F8,74024959.77
458,firm,F9,142220538.53
459,agent,G0,347563.30
459,agent,G1,482263.08
459,agent,G2,671635.79
459,agent,G3,755045.96
459,agent,G4,614980.12
459,agent,G5,1865296.95
459,agent,G6,277982.11
459,agent,G7,161700.47
459,agent,G8,485150.20
459,agent,G9,992792.00
459,firm,F0,148066350.41
459,firm,F1,63250385.00
459,firm,F2,110368159.37
459,firm,F3,102294371.36
459,firm,F4,128054028.46
459,firm,F5,87072530.36
459,firm,F6,137925414.36
459,firm,F7,73681413.90
459,firm,F8,74025830.27
459,firm,F9,142220538.53
460,agent,G0,347563.30
460,agent,G1,482263.08
460,agent,G2,614850.56
460,agent,G3,755045.96
460,agent,G4,614980.12
460,agent,G5,1865296.95
460,agent,G6,277982.11
460,agent,G7,109477.47
460,agent,G8,485150.20
460,agent,G9,1033404.32
460,firm,F0,148066350.41
460,firm,F1,63250385.00
460,firm,F2,110368159.37
460,firm,F3,102343247.27
460,firm,F4,128054028.46
460,firm,F5,87072530.36
460,firm,F6,137925414.36
460,firm,F7,73681413.90
460,firm,F8,74078053.27
460,firm,F9,142220538.53
461,agent,G0,347563.30
461,agent,G1,482263.08
461,agent,G2,339896.00
461,agent,G3,755045.96
461,agent,G4,614980.12
461,agent,G5,2084648.27
461,agent,G6,277982.11
461,agent,G7,120835.13
461,agent,G8,485150.20
461,agent,G9,993308.48
461,firm,F0,148066350.41
461,firm,F1,63250385.00
461,firm,F2,110368159.37
461,firm,F3,102395470.27
461,firm,F4,128056832.80
461,firm,F5,87072530.36
461,firm,F6,137925414.36
461,firm,F7,73681413.90
461,firm,F8,74078053.27
461,firm,F9,142264014.61
462,agent,G0,350338.61
462,agent,G1,482263.08
462,agent,G2,329691.00
462,agent,G3,989351.43
462,agent,G4,344655.27
462,agent,G5,2084648.27
462,agent,G6,277982.11
462,agent,G7,120835.13
462,agent,G8,485150.20
462,agent,G9,990533.17
462,firm,F0,148066350.41
462,firm,F1,63250385.00
462,firm,F2,110381521.14
462,firm,F3,102395470.27
462,firm,F4,128056832.80
462,firm,F5,87121195.97
462,firm,F6,137925414.36
462,firm,F7,73681413.90
462,firm,F8,74078053.27
462,firm,F9,142264014.61
463,agent,G0,344334.21
463,agent,G1,505813.10
463,agent,G2,329691.00
463,agent,G3,969847.77
463,agent,G4,344655.27
463,agent,G5,2084648.27
463,agent,G6,277982.11
463,agent,G7,120835.13
463,agent,G8,485150.20
463,agent,G9,990533.17
463,firm,F0,148066350.41
463,firm,F1,63256389.40
463,firm,F2,110381521.14
463,firm,F3,102395470.27
463,firm,F4,128061580.43
463,firm,F5,87121195.97
463,firm,F6,137925414.36
463,firm,F7,73681413.90
463,firm,F8,74093856.27
463,firm,F9,142264014.61
464,agent,G0,408348.46
464,agent,G1,423028.80
464,agent,G2,372784.30
464,agent,G3,969847.77
464,agent,G4,344655.27
464,agent,G5,2084648.27
464,agent,G6,277982.11
464,agent,G7,120835.13
464,agent,G8,485150.20
464,agent,G9,996829.90
464,firm,F0,148066350.41
464,firm,F1,63256389.40
464,firm,F2,110390318.42
464,firm,F3,102395470.27
464,firm,F4,128086177.43
464,firm,F5,87121195.97
464,firm,F6,137925414.36
464,firm,F7,73693002.65
464,firm,F8,74093856.27
464,firm,F9,142264014.61
465,agent,G0,759752.17
465,agent,G1,426338.13
465,agent,G2,372784.30
465,agent,G3,545373.26
465,agent,G4,344655.27
465,agent,G5,2084648.27
465,agent,G6,277982.11
465,agent,G7,117525.80
465,agent,G8,551817.07
465,agent,G9,996829.90
465,firm,F0,148099283.54
465,firm,F1,63256389.40
465,firm,F2,110390318.42
465,firm,F3,102395470.27
465,firm,F4,128159248.23
465,firm,F5,87121195.97
465,firm,F6,137925414.36
465,firm,F7,73693002.65
465,firm,F8,74093856.27
465,firm,F9,142264014.61
466,agent,G0,759752.17
466,agent,G1,429715.98
466,agent,G2,1134559.95
466,agent,G3,536901.87
466,agent,G4,344655.27
466,agent,G5,1178705.30
466,agent,G6,277982.11
466,agent,G7,114147.95
466,agent,G8,551817.07
466,agent,G9,996829.90
466,firm,F0,148099283.54
466,firm,F1,63256389.40
466,firm,F2,110404480.42
466,firm,F3,102395470.27
466,firm,F4,128160312.62
466,firm,F5,87121195.97
466,firm,F6,137925414.36
466,firm,F7,73693002.65
466,firm,F8,74238023.59
466,firm,F9,142264014.61
467,agent,G0,742466.43
467,agent,G1,429715.98
467,agent,G2,1134559.95
467,agent,G3,536901.87
467,agent,G4,349170.08
467,agent,G5,1178705.30
467,agent,G6,277982.11
467,agent,G7,44132.27
467,agent,G8,569102.81
467,agent,G9,996829.90
467,firm,F0,148099283.54
467,firm,F1,63257264.13
467,firm,F2,110404480.42
467,firm,F3,102395470.27
467,firm,F4,128238554.76
467,firm,F5,87121195.97
467,firm,F6,137925414.36
467,firm,F7,73693002.65
467,firm,F8,74238023.59
467,firm,F9,142264014.61
468,agent,G0,721555.38
468,agent,G1,429715.98
468,agent,G2,1134559.95
468,agent,G3,461298.87
468,agent,G4,422391.12
468,agent,G5,1178705.30
468,agent,G6,272769.15
468,agent,G7,44132.27
468,agent,G8,590013.86
468,agent,G9,996829.90
468,firm,F0,148099283.54
468,firm,F1,63270981.09
468,firm,F2,110404480.42
468,firm,F3,102395470.27
468,firm,F4,128314157.76
468,firm,F5,87121195.97
468,firm,F6,137925414.36
468,firm,F7,73698215.60
468,firm,F8,74238023.59
468,firm,F9,142264014.61
469,agent,G0,704125.66
469,agent,G1,429715.98
469,agent,G2,1134559.95
469,agent,G3,461298.87
469,agent,G4,422391.12
469,agent,G5,1178705.30
469,agent,G6,267375.25
469,agent,G7,44132.27
469,agent,G8,610032.60
469,agent,G9,921226.90
469,firm,F0,148099283.54
469,firm,F1,63271578.06
469,firm,F2,110404480.42
469,firm,F3,102395470.27
469,firm,F4,128314157.76
469,firm,F5,87121195.97
469,firm,F6,137925414.36
469,firm,F7,73698215.60
469,firm,F8,74313626.59
469,firm,F9,142269408.51
470,agent,G0,704125.66
470,agent,G1,433176.88
470,agent,G2,1134559.95
470,agent,G3,461298.87
470,agent,G4,422391.12
470,agent,G5,1086818.01
470,agent,G6,267375.25
470,agent,G7,40671.37
470,agent,G8,610032.60
470,agent,G9,990906.73
470,firm,F0,148099283.54
470,firm,F1,63271578.06
470,firm,F2,110496367.72
470,firm,F3,102395470.27
470,firm,F4,128314157.76
470,firm,F5,87153434.14
470,firm,F6,137925414.36
470,firm,F7,73698215.60
470,firm,F8,74313626.59
470,firm,F9,142269408.51
471,agent,G0,642768.66
471,agent,G1,433176.88
471,agent,G2,1167669.72
471,agent,G3,461298.87
471,agent,G4,439272.29
471,agent,G5,1086818.01
471,agent,G6,238450.27
471,agent,G7,40671.37
471,agent,G8,634582.68
471,agent,G9,990906.73
471,firm,F0,148103658.45
471,firm,F1,63282944.12
471,firm,F2,110496367.72
471,firm,F3,102395470.27
471,firm,F4,128314157.76
471,firm,F5,87153434.14
471,firm,F6,137925414.36
471,firm,F7,73759572.60
471,firm,F8,74313626.59
471,firm,F9,142269408.51
472,agent,G0,642768.66
472,agent,G1,840148.13
472,agent,G2,1167669.72
472,agent,G3,461298.87
472,agent,G4,353882.69
472,agent,G5,629512.07
472,agent,G6,238450.27
472,agent,G7,40671.37
472,agent,G8,603563.27
472,agent,G9,990906.73
472,firm,F0,148103658.45
472,firm,F1,63475573.90
472,firm,F2,110496367.72
472,firm,F3,102395470.27
472,firm,F4,128314157.76
472,firm,F5,87153434.14
472,firm,F6,137925414.36
472,firm,F7,73764364.52
472,firm,F8,74313626.59
472,firm,F9,142269408.51
473,agent,G0,664723.28
473,agent,G1,843988.38
473,agent,G2,1189293.34
473,agent,G3,461298.87
473,agent,G4,353882.69
473,agent,G5,629512.07
473,agent,G6,212383.84
473,agent,G7,36831.11
473,agent,G8,589401.27
473,agent,G9,990906.73
473,firm,F0,148103658.45
473,firm,F1,63489735.90
473,firm,F2,110496367.72
473,firm,F3,102395470.27
473,firm,F4,128314157.76
473,firm,F5,87153434.14
473,firm,F6,137925414.36
473,firm,F7,73764364.52
473,firm,F8,74317918.97
473,firm,F9,142273851.32
474,agent,G0,816713.15
474,agent,G1,847505.19
474,agent,G2,1189293.34
474,agent,G3,411043.10
474,agent,G4,353882.69
474,agent,G5,629512.07
474,agent,G6,212383.84
474,agent,G7,33314.31
474,agent,G8,575239.27
474,agent,G9,990906.73
474,firm,F0,148103658.45
474,firm,F1,63489735.90
474,firm,F2,110496367.72
474,firm,F3,102395470.27
474,firm,F4,128314157.76
474,firm,F5,87174620.27
474,firm,F6,137925414.36
474,firm,F7,73772616.29
474,firm,F8,74317918.97
474,firm,F9,142288013.32
475,agent,G0,459301.71
475,agent,G1,847505.19
475,agent,G2,1111198.79
475,agent,G3,411043.10
475,agent,G4,370620.24
475,agent,G5,925471.15
475,agent,G6,212383.84
475,agent,G7,33314.31
475,agent,G8,575239.27
475,agent,G9,1029290.30
475,firm,F0,148103658.45
475,firm,F1,63551092.90
475,firm,F2,110496367.72
475,firm,F3,102395470.27
475,firm,F4,128314157.76
475,firm,F5,87174620.27
475,firm,F6,137995537.14
475,firm,F7,73772616.29
475,firm,F8,74317918.97
475,firm,F9,142288013.32
476,agent,G0,423561.53
476,agent,G1,481753.21
476,agent,G2,1111198.79
476,agent,G3,471072.04
476,agent,G4,370620.24
476,agent,G5,925471.15
476,agent,G6,524636.02
476,agent,G7,33314.31
476,agent,G8,575239.27
476,agent,G9,1017976.49
476,firm,F0,148115790.51
476,firm,F1,63551092.90
476,firm,F2,110496367.72
476,firm,F3,102395470.27
476,firm,F4,128314157.76
476,firm,F5,87275174.06
476,firm,F6,137995537.14
476,firm,F7,73772616.29
476,firm,F8,74317918.97
476,firm,F9,142288013.32
477,agent,G0,423561.53
477,agent,G1,429906.52
477,agent,G2,1111198.79
477,agent,G3,471072.04
477,agent,G4,370620.24
477,agent,G5,917394.82
477,agent,G6,577216.30
477,agent,G7,2636.31
477,agent,G8,616226.15
477,agent,G9,1017976.49
477,firm,F0,148115790.51
477,firm,F1,63551092.90
477,firm,F2,110496367.72
477,firm,F3,102395470.27
477,firm,F4,128344835.76
477,firm,F5,87282516.80
477,firm,F6,137995537.14
477,firm,F7,73772616.29
477,firm,F8,74325276.09
477,firm,F9,142288013.32
478,agent,G0,417425.59
478,agent,G1,429906.52
478,agent,G2,1111198.79
478,agent,G3,419821.49
478,agent,G4,413584.10
478,agent,G5,923530.76
478,agent,G6,577216.30
478,agent,G7,3113.35
478,agent,G8,589979.15
478,agent,G9,1017976.49
478,firm,F0,148115790.51
478,firm,F1,63551092.90
478,firm,F2,110496367.72
478,firm,F3,102395470.27
478,firm,F4,128344835.76
478,firm,F5,87282516.80
478,firm,F6,137995537.14
478,firm,F7,73780903.00
478,firm,F8,74351637.05
478,firm,F9,142288013.32
479,agent,G0,418727.01
479,agent,G1,429906.52
479,agent,G2,1111198.79
479,agent,G3,419821.49
479,agent,G4,405445.42
479,agent,G5,915230.81
479,agent,G6,585516.26
479,agent,G7,3113.35
479,agent,G8,589979.15
479,agent,G9,1017976.49
479,firm,F0,148115790.51
479,firm,F1,63551092.90
479,firm,F2,110504506.40
479,firm,F3,102395470.27
479,firm,F4,128344835.76
479,firm,F5,87289152.38
479,firm,F6,137995537.14
479,firm,F7,73780903.00
479,firm,F8,74382315.05
479,firm,F9,142288013.32
480,agent,G0,418727.01
480,agent,G1,429906.52
480,agent,G2,1111198.79
480,agent,G3,419821.49
480,agent,G4,409319.36
480,agent,G5,876573.27
480,agent,G6,336830.20
480,agent,G7,3113.35
480,agent,G8,808110.19
480,agent,G9,1017976.49
480,firm,F0,148115790.51
480,firm,F1,63589627.46
480,firm,F2,110504506.40
480,firm,F3,102395470.27
480,firm,F4,128344835.76
480,firm,F5,87289975.43
480,firm,F6,137995537.14
480,firm,F7,73811581.00
480,firm,F8,74382315.05
480,firm,F9,142288013.32
481,agent,G0,418727.01
481,agent,G1,429906.52
481,agent,G2,1148233.94
481,agent,G3,354323.49
481,agent,G4,409319.36
481,agent,G5,876573.27
481,agent,G6,300257.28
481,agent,G7,3113.35
481,agent,G8,855220.48
481,agent,G9,1017976.49
481,firm,F0,148181288.51
481,firm,F1,63589627.46
481,firm,F2,110504506.40
481,firm,F3,102395470.27
481,firm,F4,128356981.44
481,firm,F5,87289975.43
481,firm,F6,137995537.14
481,firm,F7,73811581.00
481,firm,F8,74382315.05
481,firm,F9,142293793.12
482,agent,G0,430825.73
482,agent,G1,457232.64
482,agent,G2,1101179.94
482,agent,G3,354323.49
482,agent,G4,409319.36
482,agent,G5,876573.27
482,agent,G6,300257.28
482,agent,G7,2774.69
482,agent,G8,855220.48
482,agent,G9,1006161.78
482,firm,F0,148181288.51
482,firm,F1,63594799.34
482,firm,F2,110504506.40
482,firm,F3,102395524.92
482,firm,F4,128404035.44
482,firm,F5,87289975.43
482,firm,F6,137995537.14
482,firm,F7,73811581.00
482,firm,F8,74382315.05
482,firm,F9,142293793.12
483,agent,G0,411017.73
483,agent,G1,457232.64
483,agent,G2,1101179.94
483,agent,G3,365263.20
483,agent,G4,726462.39
483,agent,G5,492457.68
483,agent,G6,300257.28
483,agent,G7,2774.69
483,agent,G8,855220.48
483,agent,G9,1011254.54
483,firm,F0,148181288.51
483,firm,F1,63594799.34
483,firm,F2,110575254.47
483,firm,F3,102395524.92
483,firm,F4,128404035.44
483,firm,F5,87309783.43
483,firm,F6,137995537.14
483,firm,F7,73811581.00
483,firm,F8,74382315.05
483,firm,F9,142293793.12
484,agent,G0,411017.73
484,agent,G1,407929.14
484,agent,G2,1101179.94
484,agent,G3,407406.23
484,agent,G4,725272.98
484,agent,G5,492457.68
484,agent,G6,300257.28
484,agent,G7,-1390.36
484,agent,G8,855220.48
484,agent,G9,1012443.95
484,firm,F0,148181288.51
484,firm,F1,63594799.34
484,firm,F2,110575254.47
484,firm,F3,102395524.92
484,firm,F4,128404135.49
484,firm,F5,87309783.43
484,firm,F6,137995537.14
484,firm,F7,73811581.00
484,firm,F8,74394172.53
484,firm,F9,142293793.12
485,agent,G0,411017.73
485,agent,G1,407929.14
485,agent,G2,1101179.94
485,agent,G3,407406.23
485,agent,G4,725272.98
485,agent,G5,492457.68
485,agent,G6,300257.28
485,agent,G7,-1240.73
485,agent,G8,855220.48
485,agent,G9,1012315.51
485,firm,F0,148181288.51
485,firm,F1,63594799.34
485,firm,F2,110575254.47
485,firm,F3,102395503.72
485,firm,F4,128404135.49
485,firm,F5,87309783.43
485,firm,F6,137995537.14
485,firm,F7,73811581.00
485,firm,F8,74394172.53
485,firm,F9,142293793.12
486,agent,G0,424175.55
486,agent,G1,407929.14
486,agent,G2,619279.86
486,agent,G3,407406.23
486,agent,G4,725272.98
486,agent,G5,492457.68
486,agent,G6,300257.28
486,agent,G7,-1240.73
486,agent,G8,826873.21
486,agent,G9,1398201.55
486,firm,F0,148181288.51
486,firm,F1,63594799.34
486,firm,F2,110658110.68
486,firm,F3,102395503.72
486,firm,F4,128455478.76
486,firm,F5,87309783.43
486,firm,F6,137995537.14
486,firm,F7,73811581.00
486,firm,F8,74394172.53
486,firm,F9,142293793.12
487,agent,G0,424175.55
487,agent,G1,363359.42
487,agent,G2,619279.86
487,agent,G3,402872.28
487,agent,G4,725272.98
487,agent,G5,529473.79
487,agent,G6,300257.28
487,agent,G7,-1240.73
487,agent,G8,826873.21
487,agent,G9,1402076.89
487,firm,F0,148181288.51
487,firm,F1,63594799.34
487,firm,F2,110658110.68
487,firm,F3,102419777.33
487,firm,F4,128455478.76
487,firm,F5,87309783.43
487,firm,F6,137995537.14
487,firm,F7,73811581.00
487,firm,F8,74394172.53
487,firm,F9,142301346.73
488,agent,G0,424175.55
488,agent,G1,363359.42
488,agent,G2,619279.86
488,agent,G3,402872.28
488,agent,G4,769846.91
488,agent,G5,489021.11
488,agent,G6,300257.28
488,agent,G7,-5937.73
488,agent,G8,826873.21
488,agent,G9,1403362.76
488,firm,F0,148181288.51
488,firm,F1,63594799.34
488,firm,F2,110698563.36
488,firm,F3,102419777.33
488,firm,F4,128460175.76
488,firm,F5,87309783.43
488,firm,F6,137995537.14
488,firm,F7,73821005.19
488,firm,F8,74394172.53
488,firm,F9,142301346.73
489,agent,G0,424175.55
489,agent,G1,310669.70
489,agent,G2,619279.86
489,agent,G3,397786.72
489,agent,G4,769846.91
489,agent,G5,489021.11
489,agent,G6,332017.16
489,agent,G7,-5937.73
489,agent,G8,826873.21
489,agent,G9,1408448.33
489,firm,F0,148181288.51
489,firm,F1,63614607.34
489,firm,F2,110699621.51
489,firm,F3,102419777.33
489,firm,F4,128460175.76
489,firm,F5,87309783.43
489,firm,F6,137995537.14
489,firm,F7,73821005.19
489,firm,F8,74394172.53
489,firm,F9,142307554.42
490,agent,G0,432743.42
490,agent,G1,304931.01
490,agent,G2,619279.86
490,agent,G3,392414.02
490,agent,G4,750038.91
490,agent,G5,489021.11
490,agent,G6,332017.16
490,agent,G7,-5937.73
490,agent,G8,826873.21
490,agent,G9,1413821.02
490,firm,F0,148187027.19
490,firm,F1,63614607.34
490,firm,F2,110699621.51
490,firm,F3,102419777.33
490,firm,F4,128460175.76
490,firm,F5,87311568.57
490,firm,F6,137995537.14
490,firm,F7,73840813.19
490,firm,F8,74394172.53
490,firm,F9,142307554.42
491,agent,G0,430043.32
491,agent,G1,337549.89
491,agent,G2,619279.86
491,agent,G3,382061.02
491,agent,G4,750038.91
491,agent,G5,491721.21
491,agent,G6,332017.16
491,agent,G7,-5937.73
491,agent,G8,1336947.11
491,agent,G9,792838.11
491,firm,F0,148187027.19
491,firm,F1,63621243.46
491,firm,F2,110709974.51
491,firm,F3,102419777.33
491,firm,F4,128460175.76
491,firm,F5,87311568.57
491,firm,F6,137995537.14
491,firm,F7,73840813.19
491,firm,F8,74394172.53
491,firm,F9,142418463.44
492,agent,G0,460358.47
492,agent,G1,337549.89
492,agent,G2,644758.84
492,agent,G3,437128.85
492,agent,G4,750038.91
492,agent,G5,491721.21
492,agent,G6,295928.88
492,agent,G7,-5937.73
492,agent,G8,1336947.11
492,agent,G9,692762.11
492,firm,F0,148192800.32
492,firm,F1,63621243.46
492,firm,F2,110709974.51
492,firm,F3,102419777.33
492,firm,F4,128460175.76
492,firm,F5,87311568.57
492,firm,F6,138095613.14
492,firm,F7,73840813.19
492,firm,F8,74394172.53
492,firm,F9,142437992.62
493,agent,G0,410735.20
493,agent,G1,337549.89
493,agent,G2,644758.84
493,agent,G3,437128.85
493,agent,G4,750038.91
493,agent,G5,491721.21
493,agent,G6,295928.88
493,agent,G7,-5937.73
493,agent,G8,1336947.11
493,agent,G9,735210.52
493,firm,F0,148192800.32
493,firm,F1,63621243.46
493,firm,F2,110709974.51
493,firm,F3,102419777.33
493,firm,F4,128460175.76
493,firm,F5,87311568.57
493,firm,F6,138095613.14
493,firm,F7,73840813.19
493,firm,F8,74394172.53
493,firm,F9,142445167.48
494,agent,G0,410735.20
494,agent,G1,337549.89
494,agent,G2,379279.01
494,agent,G3,411403.58
494,agent,G4,649962.91
494,agent,G5,491721.21
494,agent,G6,295928.88
494,agent,G7,239244.46
494,agent,G8,1397331.39
494,agent,G9,735210.52
494,firm,F0,148192800.32
494,firm,F1,63635985.18
494,firm,F2,110709974.51
494,firm,F3,102419777.33
494,firm,F4,128460175.76
494,firm,F5,87411644.57
494,firm,F6,138141636.06
494,firm,F7,73840813.19
494,firm,F8,74394172.53
494,firm,F9,142445167.48
495,agent,G0,492055.59
495,agent,G1,300836.02
495,agent,G2,405762.69
495,agent,G3,384919.90
495,agent,G4,649962.91
495,agent,G5,522517.32
495,agent,G6,295928.88
495,agent,G7,239244.46
495,agent,G8,1297255.39
495,agent,G9,735210.52
495,firm,F0,148192800.32
495,firm,F1,63736061.18
495,firm,F2,110709974.51
495,firm,F3,102419777.33
495,firm,F4,128460175.76
495,firm,F5,87411644.57
495,firm,F6,138147553.81
495,firm,F7,73840813.19
495,firm,F8,74411930.13
495,firm,F9,142445167.48
496,agent,G0,506278.55
496,agent,G1,267777.94
496,agent,G2,429999.17
496,agent,G3,384919.90
496,agent,G4,649962.91
496,agent,G5,525050.49
496,agent,G6,295928.88
496,agent,G7,239244.46
496,agent,G8,1297255.39
496,agent,G9,735210.52
496,firm,F0,148192800.32
496,firm,F1,63736061.18
496,firm,F2,110709974.51
496,firm,F3,102419777.33
496,firm,F4,128460175.76
496,firm,F5,87427946.52
496,firm,F6,138147553.81
496,firm,F7,73840813.19
496,firm,F8,74417544.65
496,firm,F9,142445167.48
497,agent,G0,515963.07
497,agent,G1,218838.42
497,agent,G2,429999.17
497,agent,G3,416364.22
497,agent,G4,649962.91
497,agent,G5,525050.49
497,agent,G6,306140.66
497,agent,G7,239244.46
497,agent,G8,1297255.39
497,agent,G9,735210.52
497,firm,F0,148192800.32
497,firm,F1,63736061.18
497,firm,F2,110759550.96
497,firm,F3,102419777.33
497,firm,F4,128460175.76
497,firm,F5,87427946.52
497,firm,F6,138153339.25
497,firm,F7,73840813.19
497,firm,F8,74417544.65
497,firm,F9,142445167.48
498,agent,G0,477999.27
498,agent,G1,218838.42
498,agent,G2,427337.17
498,agent,G3,416364.22
498,agent,G4,649962.91
498,agent,G5,525050.49
498,agent,G6,307688.25
498,agent,G7,239887.89
498,agent,G8,1297255.39
498,agent,G9,735210.52
498,firm,F0,148192800.32
498,firm,F1,63736532.16
498,firm,F2,110759550.96
498,firm,F3,102419777.33
498,firm,F4,128498139.56
498,firm,F5,87427946.52
498,firm,F6,138153339.25
498,firm,F7,73840813.19
498,firm,F8,74420206.65
498,firm,F9,142445167.48
499,agent,G0,448491.40
499,agent,G1,264655.83
499,agent,G2,427337.17
499,agent,G3,416364.22
499,agent,G4,649962.91
499,agent,G5,525050.49
499,agent,G6,274059.84
499,agent,G7,239887.89
499,agent,G8,1325164.63
499,agent,G9,735210.52
499,firm,F0,148192800.32
499,firm,F1,63736532.16
499,firm,F2,110765270.14
499,firm,F3,102419777.33
499,firm,F4,128498139.56
499,firm,F5,87427946.52
499,firm,F6,138153339.25
499,firm,F7,73840813.19
499,firm,F8,74459461.65
499,firm,F9,142455535.95
500,agent,G0,448491.40
500,agent,G1,249287.47
500,agent,G2,427337.17
500,agent,G3,416364.22
500,agent,G4,649962.91
500,agent,G5,525050.49
500,agent,G6,745377.68
500,agent,G7,239887.89
500,agent,G8,749128.74
500,agent,G9,750578.88
500,firm,F0,148202420.30
500,firm,F1,63802465.16
500,firm,F2,110765270.14
500,firm,F3,102419777.33
500,firm,F4,128498139.56
500,firm,F5,87519886.60
500,firm,F6,138153339.25
500,firm,F7,73840813.19
500,firm,F8,74459461.65
500,firm,F9,142455535.95
501,agent,G0,451435.00
501,agent,G1,249287.47
501,agent,G2,427337.17
501,agent,G3,358601.22
501,agent,G4,649962.91
501,agent,G5,294141.19
501,agent,G6,921547.19
501,agent,G7,239887.89
501,agent,G8,749128.74
501,agent,G9,763540.46
501,firm,F0,148203063.70
501,firm,F1,63802465.16
501,firm,F2,110765270.14
501,firm,F3,102461555.54
501,firm,F4,128498139.56
501,firm,F5,87519886.60
501,firm,F6,138153339.25
501,firm,F7,73840813.19
501,firm,F8,74459461.65
501,firm,F9,142513298.95
502,agent,G0,460740.32
502,agent,G1,239982.15
502,agent,G2,459727.06
502,agent,G3,319270.87
502,agent,G4,649962.91
502,agent,G5,294141.19
502,agent,G6,910927.70
502,agent,G7,239887.89
502,agent,G8,749128.74
502,agent,G9,763540.46
502,firm,F0,148242318.70
502,firm,F1,63802465.16
502,firm,F2,110765270.14
502,firm,F3,102468496.00
502,firm,F4,128498139.56
502,firm,F5,87519886.60
502,firm,F6,138153339.25
502,firm,F7,73840813.19
502,firm,F8,74466588.15
502,firm,F9,142513298.95
503,agent,G0,460740.32
503,agent,G1,223975.66
503,agent,G2,459727.06
503,agent,G3,319270.87
503,agent,G4,649962.91
503,agent,G5,294141.19
503,agent,G6,883733.20
503,agent,G7,526771.14
503,agent,G8,749128.74
503,agent,G9,442792.64
503,firm,F0,148242318.70
503,firm,F1,63877566.67
503,firm,F2,110765270.14
503,firm,F3,102468496.00
503,firm,F4,128498139.56
503,firm,F5,87519886.60
503,firm,F6,138153339.25
503,firm,F7,73890684.25
503,firm,F8,74466588.15
503,firm,F9,142513298.95
504,agent,G0,497477.54
504,agent,G1,225391.97
504,agent,G2,409628.86
504,agent,G3,322070.22
504,agent,G4,649962.91
504,agent,G5,294141.19
504,agent,G6,883733.20
504,agent,G7,526771.14
504,agent,G8,749128.74
504,agent,G9,442792.64
504,firm,F0,148247428.70
504,firm,F1,63877566.67
504,firm,F2,110765270.14
504,firm,F3,102468496.00
504,firm,F4,128498139.56
504,firm,F5,87519886.60
504,firm,F6,138153339.25
504,firm,F7,73898935.24
504,firm,F8,74467482.49
504,firm,F9,142513298.95
505,agent,G0,443250.04
505,agent,G1,225391.97
505,agent,G2,409628.86
505,agent,G3,322070.22
505,agent,G4,601631.30
505,agent,G5,294141.19
505,agent,G6,867823.84
505,agent,G7,526771.14
505,agent,G8,794396.75
505,agent,G9,458702.00
505,firm,F0,148247428.70
505,firm,F1,63877566.67
505,firm,F2,110765270.14
505,firm,F3,102477455.48
505,firm,F4,128498139.56
505,firm,F5,87519886.60
505,firm,F6,138153339.25
505,firm,F7,73958474.85
505,firm,F8,74467482.49
505,firm,F9,142513298.95
506,agent,G0,443250.04
506,agent,G1,225391.97
506,agent,G2,409628.86
506,agent,G3,284540.22
506,agent,G4,337482.75
506,agent,G5,294141.19
506,agent,G6,854876.50
506,agent,G7,526771.14
506,agent,G8,794396.75
506,agent,G9,688805.82
506,firm,F0,148247428.70
506,firm,F1,63877566.67
506,firm,F2,110765270.14
506,firm,F3,102477455.48
506,firm,F4,128498139.56
506,firm,F5,87519886.60
506,firm,F6,138153339.25
506,firm,F7,73958474.85
506,firm,F8,74467482.49
506,firm,F9,142622782.00
507,agent,G0,443250.04
507,agent,G1,225391.97
507,agent,G2,599695.15
507,agent,G3,292562.54
507,agent,G4,337482.75
507,agent,G5,294141.19
507,agent,G6,854876.50
507,agent,G7,292880.55
507,agent,G8,794396.75
507,agent,G9,688805.82
507,firm,F0,148247428.70
507,firm,F1,63877566.67
507,firm,F2,110765270.14
507,firm,F3,102477455.48
507,firm,F4,128498139.56
507,firm,F5,87519886.60
507,firm,F6,138189053.79
507,firm,F7,73958474.85
507,firm,F8,74498606.93
507,firm,F9,142622782.00
508,agent,G0,452560.40
508,agent,G1,216081.61
508,agent,G2,560394.77
508,agent,G3,292562.54
508,agent,G4,337482.75
508,agent,G5,294141.19
508,agent,G6,854876.50
508,agent,G7,283920.53
508,agent,G8,794396.75
508,agent,G9,688805.82
508,firm,F0,148247428.70
508,firm,F1,63923151.68
508,firm,F2,110765270.14
508,firm,F3,102477455.48
508,firm,F4,128537439.95
508,firm,F5,87519886.60
508,firm,F6,138189053.79
508,firm,F7,73958474.85
508,firm,F8,74498606.93
508,firm,F9,142622782.00
509,agent,G0,452560.40
509,agent,G1,242592.24
509,agent,G2,560394.77
509,agent,G3,286468.24
509,agent,G4,337482.75
509,agent,G5,261823.58
509,agent,G6,838933.58
509,agent,G7,283920.53
509,agent,G8,794396.75
509,agent,G9,704748.75
509,firm,F0,148247428.70
509,firm,F1,63923151.68
509,firm,F2,110834346.44
509,firm,F3,102477455.48
509,firm,F4,128537439.95
509,firm,F5,87519886.60
509,firm,F6,138189053.79
509,firm,F7,73964281.84
509,firm,F8,74498606.93
509,firm,F9,142622782.00
510,agent,G0,750986.29
510,agent,G1,193531.35
510,agent,G2,560394.77
510,agent,G3,286468.24
510,agent,G4,337482.75
510,agent,G5,261823.58
510,agent,G6,844003.45
510,agent,G7,283920.53
510,agent,G8,447499.35
510,agent,G9,704748.75
510,firm,F0,148248440.83
510,firm,F1,63923151.68
510,firm,F2,110834346.44
510,firm,F3,102477455.48
510,firm,F4,128537439.95
510,firm,F5,87519886.60
510,firm,F6,138247331.20
510,firm,F7,73964281.84
510,firm,F8,74498606.93
510,firm,F9,142662037.00
511,agent,G0,750986.29
511,agent,G1,193531.35
511,agent,G2,561333.46
511,agent,G3,286468.24
511,agent,G4,363536.58
511,agent,G5,260159.21
511,agent,G6,844003.45
511,agent,G7,253190.25
511,agent,G8,447499.35
511,agent,G9,704748.75
511,firm,F0,148248440.83
511,firm,F1,63923151.68
511,firm,F2,110843770.57
511,firm,F3,102477455.48
511,firm,F4,128537439.95
511,firm,F5,87519886.60
511,firm,F6,138247331.20
511,firm,F7,73964281.84
511,firm,F8,74498606.93
511,firm,F9,142662037.00
512,agent,G0,750986.29
512,agent,G1,193531.35
512,agent,G2,561333.46
512,agent,G3,286468.24
512,agent,G4,363536.58
512,agent,G5,260159.21
512,agent,G6,786455.15
512,agent,G7,253190.25
512,agent,G8,447499.35
512,agent,G9,714610.16
512,firm,F0,148248440.83
512,firm,F1,63931820.17
512,firm,F2,110879532.57
512,firm,F3,102477455.48
512,firm,F4,128537439.95
512,firm,F5,87519886.60
512,firm,F6,138247331.20
512,firm,F7,73964281.84
512,firm,F8,74498606.93
512,firm,F9,142715145.40
513,agent,G0,750986.29
513,agent,G1,193531.35
513,agent,G2,561333.46
513,agent,G3,286468.24
513,agent,G4,363536.58
513,agent,G5,260159.21
513,agent,G6,434498.25
513,agent,G7,266614.05
513,agent,G8,726956.72
513,agent,G9,714610.16
513,firm,F0,148248440.83
513,firm,F1,63931820.17
513,firm,F2,110879532.57
513,firm,F3,102477455.48
513,firm,F4,128537439.95
513,firm,F5,87519886.60
513,firm,F6,138308579.95
513,firm,F7,73964281.84
513,firm,F8,74548458.93
513,firm,F9,142727729.37
514,agent,G0,750986.29
514,agent,G1,193531.35
514,agent,G2,561333.46
514,agent,G3,286468.24
514,agent,G4,363536.58
514,agent,G5,231543.05
514,agent,G6,352269.51
514,agent,G7,287004.77
514,agent,G8,726956.72
514,agent,G9,755645.59
514,firm,F0,148313049.83
514,firm,F1,63931820.17
514,firm,F2,110883619.85
514,firm,F3,102477455.48
514,firm,F4,128537439.95
514,firm,F5,87519886.60
514,firm,F6,138308579.95
514,firm,F7,73969482.31
514,firm,F8,74548458.93
514,firm,F9,142727729.37
515,agent,G0,750986.29
515,agent,G1,199666.43
515,agent,G2,563916.89
515,agent,G3,281675.05
515,agent,G4,363536.58
515,agent,G5,231543.05
515,agent,G6,352269.51
515,agent,G7,255906.71
515,agent,G8,726956.72
515,agent,G9,755645.59
515,firm,F0,148313049.83
515,firm,F1,63931820.17
515,firm,F2,110883619.85
515,firm,F3,102477455.48
515,firm,F4,128537983.52
515,firm,F5,87519886.60
515,firm,F6,138313375.13
515,firm,F7,73969482.31
515,firm,F8,74548458.93
515,firm,F9,142752690.37
516,agent,G0,750986.29
516,agent,G1,403859.85
516,agent,G2,316976.80
516,agent,G3,281675.05
516,agent,G4,363536.58
516,agent,G5,227207.65
516,agent,G6,336332.27
516,agent,G7,255906.71
516,agent,G8,726956.72
516,agent,G9,771582.83
516,firm,F0,148313049.83
516,firm,F1,64010334.57
516,firm,F2,110883619.85
516,firm,F3,102477455.48
516,firm,F4,128537983.52
516,firm,F5,87519886.60
516,firm,F6,138313375.13
516,firm,F7,74012228.97
516,firm,F8,74548458.93
516,firm,F9,142752690.37
517,agent,G0,750986.29
517,agent,G1,403859.85
517,agent,G2,316260.66
517,agent,G3,276118.54
517,agent,G4,363536.58
517,agent,G5,245946.62
517,agent,G6,333205.27
517,agent,G7,255906.71
517,agent,G8,726956.72
517,agent,G9,771582.83
517,firm,F0,148313049.83
517,firm,F1,64017944.74
517,firm,F2,110883619.85
517,firm,F3,102477455.48
517,firm,F4,128537983.52
517,firm,F5,87525443.11
517,firm,F6,138313375.13
517,firm,F7,74012228.97
517,firm,F8,74548458.93
517,firm,F9,142752690.37
518,agent,G0,756330.33
518,agent,G1,403859.85
518,agent,G2,316260.66
518,agent,G3,363641.54
518,agent,G4,363536.58
518,agent,G5,218096.58
518,agent,G6,333205.27
518,agent,G7,255906.71
518,agent,G8,726956.72
518,agent,G9,722930.65
518,firm,F0,148313049.83
518,firm,F1,64089102.92
518,firm,F2,110883619.85
518,firm,F3,102477455.48
518,firm,F4,128537983.52
518,firm,F5,87543826.11
518,firm,F6,138313375.13
518,firm,F7,74012228.97
518,firm,F8,74548458.93
518,firm,F9,142752690.37
519,agent,G0,756330.33
519,agent,G1,400732.85
519,agent,G2,315561.89
519,agent,G3,363641.54
519,agent,G4,363536.58
519,agent,G5,218795.34
519,agent,G6,333205.27
519,agent,G7,255906.71
519,agent,G8,1029559.47
519,agent,G9,405157.35
519,firm,F0,148313049.83
519,firm,F1,64149432.00
519,firm,F2,110892585.32
519,firm,F3,102477455.48
519,firm,F4,128537983.52
519,firm,F5,87543826.11
519,firm,F6,138313375.13
519,firm,F7,74012228.97
519,firm,F8,74548458.93
519,firm,F9,142752690.37
520,agent,G0,781484.51
520,agent,G1,478601.98
520,agent,G2,315561.89
520,agent,G3,232581.36
520,agent,G4,356589.96
520,agent,G5,218795.34
520,agent,G6,333205.27
520,agent,G7,255906.71
520,agent,G8,1029559.47
520,agent,G9,405157.35
520,firm,F0,148313049.83
520,firm,F1,64149432.00
520,firm,F2,110892585.32
520,firm,F3,102477455.48
520,firm,F4,128554009.39
520,firm,F5,87649732.11
520,firm,F6,138313375.13
520,firm,F7,74012228.97
520,firm,F8,74548458.93
520,firm,F9,142759636.98
521,agent,G0,781484.51
521,agent,G1,478601.98
521,agent,G2,315561.89
521,agent,G3,232581.36
521,agent,G4,364250.88
521,agent,G5,218795.34
521,agent,G6,310550.60
521,agent,G7,255906.71
521,agent,G8,964950.47
521,agent,G9,421739.11
521,firm,F0,148313049.83
521,firm,F1,64149432.00
521,firm,F2,110957194.32
521,firm,F3,102477455.48
521,firm,F4,128554009.39
521,firm,F5,87649732.11
521,firm,F6,138314731.22
521,firm,F7,74012228.97
521,firm,F8,74554531.84
521,firm,F9,142759636.98
522,agent,G0,721997.97
522,agent,G1,478601.98
522,agent,G2,347717.80
522,agent,G3,239304.64
522,agent,G4,339772.88
522,agent,G5,218795.34
522,agent,G6,310550.60
522,agent,G7,249183.42
522,agent,G8,964950.47
522,agent,G9,421739.11
522,firm,F0,148313049.83
522,firm,F1,64208918.55
522,firm,F2,110957194.32
522,firm,F3,102477455.48
522,firm,F4,128554009.39
522,firm,F5,87649732.11
522,firm,F6,138345749.31
522,firm,F7,74012228.97
522,firm,F8,74554531.84
522,firm,F9,142759636.98
523,agent,G0,721997.97
523,agent,G1,478601.98
523,agent,G2,298386.14
523,agent,G3,286701.92
523,agent,G4,339772.88
523,agent,G5,194909.65
523,agent,G6,330423.98
523,agent,G7,249183.42
523,agent,G8,964950.47
523,agent,G9,421739.11
523,firm,F0,148313049.83
523,firm,F1,64208918.55
523,firm,F2,110961206.64
523,firm,F3,102477455.48
523,firm,F4,128601739.78
523,firm,F5,87649732.11
523,firm,F6,138345749.31
523,firm,F7,74012228.97
523,firm,F8,74554531.84
523,firm,F9,142759636.98
524,agent,G0,721997.97
524,agent,G1,478601.98
524,agent,G2,298386.14
524,agent,G3,293462.96
524,agent,G4,339772.88
524,agent,G5,194909.65
524,agent,G6,294443.72
524,agent,G7,272526.92
524,agent,G8,964950.47
524,agent,G9,398144.69
524,firm,F0,148313049.83
524,firm,F1,64208918.55
524,firm,F2,110961206.64
524,firm,F3,102477455.48
524,firm,F4,128601739.78
524,firm,F5,87649732.11
524,firm,F6,138345749.31
524,firm,F7,74018104.70
524,firm,F8,74579175.26
524,firm,F9,142759636.98
525,agent,G0,749158.12
525,agent,G1,478601.98
525,agent,G2,265869.07
525,agent,G3,293462.96
525,agent,G4,339772.88
525,agent,G5,195469.86
525,agent,G6,213186.35
525,agent,G7,272526.92
525,agent,G8,964950.47
525,agent,G9,414793.05
525,firm,F0,148313049.83
525,firm,F1,64208918.55
525,firm,F2,110961206.64
525,firm,F3,102477455.48
525,firm,F4,128601739.78
525,firm,F5,87649732.11
525,firm,F6,138345889.10
525,firm,F7,74018104.70
525,firm,F8,74584532.17
525,firm,F9,142824245.98
526,agent,G0,827866.80
526,agent,G1,478601.98
526,agent,G2,265869.07
526,agent,G3,330496.51
526,agent,G4,339772.88
526,agent,G5,195277.36
526,agent,G6,213186.35
526,agent,G7,272526.92
526,agent,G8,964950.47
526,agent,G9,369375.50
526,firm,F0,148313049.83
526,firm,F1,64208918.55
526,firm,F2,110961206.64
526,firm,F3,102485331.98
526,firm,F4,128602439.78
526,firm,F5,87649732.11
526,firm,F6,138345889.10
526,firm,F7,74018104.70
526,firm,F8,74584532.17
526,firm,F9,142839658.31
527,agent,G0,775676.86
527,agent,G1,454123.98
527,agent,G2,265869.07
527,agent,G3,336345.14
527,agent,G4,339772.88
527,agent,G5,195277.36
527,agent,G6,213186.35
527,agent,G7,277746.15
527,agent,G8,964950.47
527,agent,G9,369375.50
527,firm,F0,148313049.83
527,firm,F1,64211145.69
527,firm,F2,110961206.64
527,firm,F3,102485331.98
527,firm,F4,128626917.78
527,firm,F5,87649732.11
527,firm,F6,138345889.10
527,firm,F7,74018104.70
527,firm,F8,74584532.17
527,firm,F9,142891848.24
528,agent,G0,775676.86
528,agent,G1,454123.98
528,agent,G2,256820.05
528,agent,G3,345394.16
528,agent,G4,339772.88
528,agent,G5,156581.36
528,agent,G6,216547.70
528,agent,G7,277746.15
528,agent,G8,964950.47
528,agent,G9,362874.76
528,firm,F0,148313049.83
528,firm,F1,64211145.69
528,firm,F2,110961206.64
528,firm,F3,102485331.98
528,firm,F4,128627674.43
528,firm,F5,87649732.11
528,firm,F6,138384585.10
528,firm,F7,74018104.70
528,firm,F8,74591032.91
528,firm,F9,142891848.24
529,agent,G0,775676.86
529,agent,G1,454123.98
529,agent,G2,276953.33
529,agent,G3,356047.47
529,agent,G4,302604.89
529,agent,G5,156581.36
529,agent,G6,216547.70
529,agent,G7,239050.15
529,agent,G8,964950.47
529,agent,G9,387557.72
529,firm,F0,148319431.22
529,firm,F1,64216265.72
529,firm,F2,110999902.64
529,firm,F3,102485331.98
529,firm,F4,128627674.43
529,firm,F5,87649732.11
529,firm,F6,138384585.10
529,firm,F7,74018104.70
529,firm,F8,74591032.91
529,firm,F9,142891848.24
530,agent,G0,775676.86
530,agent,G1,454123.98
530,agent,G2,246924.34
530,agent,G3,356047.47
530,agent,G4,318383.47
530,agent,G5,159874.62
530,agent,G6,241909.38
530,agent,G7,235756.89
530,agent,G8,964950.47
530,agent,G9,374262.72
530,firm,F0,148322559.64
530,firm,F1,64229560.72
530,firm,F2,111004569.95
530,firm,F3,102485331.98
530,firm,F4,128627674.43
530,firm,F5,87649732.11
530,firm,F6,138384585.10
530,firm,F7,74018104.70
530,firm,F8,74591032.91
530,firm,F9,142891848.24
531,agent,G0,752353.31
531,agent,G1,502154.00
531,agent,G2,246924.34
531,agent,G3,356047.47
531,agent,G4,224262.47
531,agent,G5,159874.62
531,agent,G6,243000.98
531,agent,G7,235756.89
531,agent,G8,964950.47
531,agent,G9,374262.72
531,firm,F0,148422197.89
531,firm,F1,64229560.72
531,firm,F2,111009730.63
531,firm,F3,102485331.98
531,firm,F4,128627674.43
531,firm,F5,87649732.11
531,firm,F6,138384585.10
531,firm,F7,74018104.70
531,firm,F8,74591032.91
531,firm,F9,142891848.24
532,agent,G0,752353.31
532,agent,G1,502154.00
532,agent,G2,215635.16
532,agent,G3,381485.26
532,agent,G4,224262.47
532,agent,G5,159874.62
532,agent,G6,243000.98
532,agent,G7,235756.89
532,agent,G8,964950.47
532,agent,G9,374262.72
532,firm,F0,148422197.89
532,firm,F1,64229560.72
532,firm,F2,111009730.63
532,firm,F3,102500697.41
532,firm,F4,128627674.43
532,firm,F5,87649732.11
532,firm,F6,138388396.06
532,firm,F7,74018104.70
532,firm,F8,74591032.91
532,firm,F9,142891848.24
533,agent,G0,752353.31
533,agent,G1,506932.56
533,agent,G2,211989.17
533,agent,G3,385131.25
533,agent,G4,224262.47
533,agent,G5,159874.62
533,agent,G6,226049.70
533,agent,G7,235756.89
533,agent,G8,964950.47
533,agent,G9,374262.72
533,firm,F0,148435522.89
533,firm,F1,64233187.01
533,firm,F2,111009730.63
533,firm,F3,102500697.41
533,firm,F4,128628692.87
533,firm,F5,87649732.11
533,firm,F6,138388396.06
533,firm,F7,74018104.70
533,firm,F8,74591032.91
533,firm,F9,142891848.24
534,agent,G0,752353.31
534,agent,G1,286027.09
534,agent,G2,213389.25
534,agent,G3,385131.25
534,agent,G4,409183.06
534,agent,G5,186135.18
534,agent,G6,220252.70
534,agent,G7,235756.89
534,agent,G8,964950.47
534,agent,G9,374262.72
534,firm,F0,148435522.89
534,firm,F1,64233187.01
534,firm,F2,111009730.63
534,firm,F3,102500697.41
534,firm,F4,128634489.87
534,firm,F5,87684316.91
534,firm,F6,138388396.06
534,firm,F7,74023667.15
534,firm,F8,74591032.91
534,firm,F9,142891848.24
535,agent,G0,684084.49
535,agent,G1,286027.09
535,agent,G2,213389.25
535,agent,G3,385131.25
535,agent,G4,409183.06
535,agent,G5,189482.21
535,agent,G6,235463.07
535,agent,G7,232409.86
535,agent,G8,964950.47
535,agent,G9,374262.72
535,firm,F0,148435522.89
535,firm,F1,64233187.01
535,firm,F2,111009730.63
535,firm,F3,102500697.41
535,firm,F4,128689463.69
535,firm,F5,87687766.54
535,firm,F6,138388396.06
535,firm,F7,74023667.15
535,firm,F8,74591032.91
535,firm,F9,142905143.24
536,agent,G0,684084.49
536,agent,G1,256398.92
536,agent,G2,194729.25
536,agent,G3,385131.25
536,agent,G4,413300.74
536,agent,G5,189482.21
536,agent,G6,231345.39
536,agent,G7,232409.86
536,agent,G8,990969.60
536,agent,G9,374262.72
536,firm,F0,148435522.89
536,firm,F1,64233187.01
536,firm,F2,111009730.63
536,firm,F3,102519716.76
536,firm,F4,128689463.69
536,firm,F5,87687766.54
536,firm,F6,138388396.06
536,firm,F7,74029223.85
536,firm,F8,74591032.91
536,firm,F9,142905143.24
537,agent,G0,701357.51
537,agent,G1,249294.39
537,agent,G2,196036.78
537,agent,G3,388257.19
537,agent,G4,413300.74
537,agent,G5,168858.79
537,agent,G6,231345.39
537,agent,G7,232409.86
537,agent,G8,990969.60
537,agent,G9,374262.72
537,firm,F0,148435522.89
537,firm,F1,64233187.01
537,firm,F2,111009730.63
537,firm,F3,102528864.16
537,firm,F4,128689463.69
537,firm,F5,87687766.54
537,firm,F6,138388396.06
537,firm,F7,74029223.85
537,firm,F8,74591631.97
537,firm,F9,142905143.24
538,agent,G0,701357.51
538,agent,G1,245569.39
538,agent,G2,196896.69
538,agent,G3,387397.28
538,agent,G4,447187.89
538,agent,G5,168858.79
538,agent,G6,231345.39
538,agent,G7,232409.86
538,agent,G8,1001947.22
538,agent,G9,333297.33
538,firm,F0,148435522.89
538,firm,F1,64233187.01
538,firm,F2,111016808.87
538,firm,F3,102528864.16
538,firm,F4,128693188.69
538,firm,F5,87687766.54
538,firm,F6,138388396.06
538,firm,F7,74029223.85
538,firm,F8,74593653.34
538,firm,F9,142905143.24
539,agent,G0,701357.51
539,agent,G1,292837.11
539,agent,G2,175267.96
539,agent,G3,387397.28
539,agent,G4,466661.69
539,agent,G5,186609.39
539,agent,G6,231345.39
539,agent,G7,232409.86
539,agent,G8,920903.22
539,agent,G9,333297.33
539,firm,F0,148449825.37
539,firm,F1,64233187.01
539,firm,F2,111016808.87
539,firm,F3,102528864.16
539,firm,F4,128693188.69
539,firm,F5,87687766.54
539,firm,F6,138388396.06
539,firm,F7,74029223.85
539,firm,F8,74674697.34
539,firm,F9,142909021.38
540,agent,G0,701357.51
540,agent,G1,292837.11
540,agent,G2,175267.96
540,agent,G3,396235.59
540,agent,G4,466661.69
540,agent,G5,177771.07
540,agent,G6,231345.39
540,agent,G7,232409.86
540,agent,G8,512615.06
540,agent,G9,665031.92
540,firm,F0,148449825.37
540,firm,F1,64268082.91
540,firm,F2,111016808.87
540,firm,F3,102528864.16
540,firm,F4,128693188.69
540,firm,F5,87687766.54
540,firm,F6,138448448.72
540,firm,F7,74029223.85
540,firm,F8,74674697.34
540,firm,F9,142909021.38
541,agent,G0,701357.51
541,agent,G1,292837.11
541,agent,G2,175267.96
541,agent,G3,405214.90
541,agent,G4,466661.69
541,agent,G5,170368.07
541,agent,G6,206262.64
541,agent,G7,221773.19
541,agent,G8,512615.06
541,agent,G9,665031.92
541,firm,F0,148450137.07
541,firm,F1,64299905.91
541,firm,F2,111020705.30
541,firm,F3,102528864.16
541,firm,F4,128693188.69
541,firm,F5,87687766.54
541,firm,F6,138448448.72
541,firm,F7,74029223.85
541,firm,F8,74674697.34
541,firm,F9,142909021.38
542,agent,G0,701357.51
542,agent,G1,297963.24
542,agent,G2,175267.96
542,agent,G3,405214.90
542,agent,G4,480211.63
542,agent,G5,89324.07
542,agent,G6,206262.64
542,agent,G7,221773.19
542,agent,G8,512615.06
542,agent,G9,665031.92
542,firm,F0,148450137.07
542,firm,F1,64299905.91
542,firm,F2,111028082.41
542,firm,F3,102528864.16
542,firm,F4,128693188.69
542,firm,F5,87687766.54
542,firm,F6,138448448.72
542,firm,F7,74110267.85
542,firm,F8,74674697.34
542,firm,F9,142914471.19
543,agent,G0,701357.51
543,agent,G1,290845.72
543,agent,G2,175267.96
543,agent,G3,424859.51
543,agent,G4,480211.63
543,agent,G5,89324.07
543,agent,G6,190348.74
543,agent,G7,221773.19
543,agent,G8,512615.06
543,agent,G9,667984.43
543,firm,F0,148450137.07
543,firm,F1,64299905.91
543,firm,F2,111028082.41
543,firm,F3,102528864.16
543,firm,F4,128732223.19
543,firm,F5,87687766.54
543,firm,F6,138448448.72
543,firm,F7,74110267.85
543,firm,F8,74678084.14
543,firm,F9,142914471.19
544,agent,G0,701357.51
544,agent,G1,278707.72
544,agent,G2,178363.76
544,agent,G3,432013.54
544,agent,G4,471625.54
544,agent,G5,89324.07
544,agent,G6,190348.74
544,agent,G7,221773.19
544,agent,G8,512615.06
544,agent,G9,667984.43
544,firm,F0,148450137.07
544,firm,F1,64299905.91
544,firm,F2,111036668.50
544,firm,F3,102528864.16
544,firm,F4,128732223.19
544,firm,F5,87687766.54
544,firm,F6,138448448.72
544,firm,F7,74110267.85
544,firm,F8,74679972.31
544,firm,F9,142926609.19
545,agent,G0,701357.51
545,agent,G1,278707.72
545,agent,G2,188747.65
545,agent,G3,432013.54
545,agent,G4,424096.52
545,agent,G5,89324.07
545,agent,G6,186182.51
545,agent,G7,221773.19
545,agent,G8,556078.16
545,agent,G9,667984.43
545,firm,F0,148450137.07
545,firm,F1,64299905.91
545,firm,F2,111036668.50
545,firm,F3,102528864.16
545,firm,F4,128732223.19
545,firm,F5,87695998.69
545,firm,F6,138472589.84
545,firm,F7,74110267.85
545,firm,F8,74679972.31
545,firm,F9,142926609.19
546,agent,G0,701357.51
546,agent,G1,259938.59
546,agent,G2,188747.65
546,agent,G3,384600.61
546,agent,G4,481855.42
546,agent,G5,89324.07
546,agent,G6,186182.51
546,agent,G7,221773.19
546,agent,G8,556078.16
546,agent,G9,587616.53
546,firm,F0,148450137.07
546,firm,F1,64299905.91
546,firm,F2,111036668.50
546,firm,F3,102528864.16
546,firm,F4,128732223.19
546,firm,F5,87695998.69
546,firm,F6,138472589.84
546,firm,F7,74110267.85
546,firm,F8,74688395.46
546,firm,F9,143007795.09
547,agent,G0,708713.56
547,agent,G1,176693.74
547,agent,G2,168315.80
547,agent,G3,384600.61
547,agent,G4,501373.96
547,agent,G5,89324.07
547,agent,G6,186182.51
547,agent,G7,221773.19
547,agent,G8,556078.16
547,agent,G9,587616.53
547,firm,F0,148531181.07
547,firm,F1,64299905.91
547,firm,F2,111036668.50
547,firm,F3,102528864.16
547,firm,F4,128732223.19
547,firm,F5,87700716.80
547,firm,F6,138472589.84
547,firm,F7,74110267.85
547,firm,F8,74688395.46
547,firm,F9,143007795.09
548,agent,G0,690053.56
548,agent,G1,184356.07
548,agent,G2,168315.80
548,agent,G3,384600.61
548,agent,G4,506322.41
548,agent,G5,79576.99
548,agent,G6,189351.79
548,agent,G7,221773.19
548,agent,G8,556078.16
548,agent,G9,587616.53
548,firm,F0,148532806.74
548,firm,F1,64299905.91
548,firm,F2,111036668.50
548,firm,F3,102530493.51
548,firm,F4,128732223.19
548,firm,F5,87719376.80
548,firm,F6,138472589.84
548,firm,F7,74110267.85
548,firm,F8,74688395.46
548,firm,F9,143007795.09
549,agent,G0,690053.56
549,agent,G1,184356.07
549,agent,G2,168315.80
549,agent,G3,380708.80
549,agent,G4,508654.43
549,agent,G5,79576.99
549,agent,G6,185925.77
549,agent,G7,221773.19
549,agent,G8,556078.16
549,agent,G9,587616.53
549,firm,F0,148536232.75
549,firm,F1,64299905.91
549,firm,F2,111036668.50
549,firm,F3,102530493.51
549,firm,F4,128732223.19
549,firm,F5,87720936.59
549,firm,F6,138472589.84
549,firm,F7,74110267.85
549,firm,F8,74698463.46
549,firm,F9,143007795.09
550,agent,G0,690053.56
550,agent,G1,182021.87
550,agent,G2,170649.99
550,agent,G3,380708.80
550,agent,G4,528904.63
550,agent,G5,79576.99
550,agent,G6,185925.77
550,agent,G7,197668.75
550,agent,G8,557347.32
550,agent,G9,587616.53
550,firm,F0,148540086.99
550,firm,F1,64299905.91
550,firm,F2,111036668.50
550,firm,F3,102530493.51
550,firm,F4,128732223.19
550,firm,F5,87732645.43
550,firm,F6,138472589.84
550,firm,F7,74110267.85
550,firm,F8,74698463.46
550,firm,F9,143007795.09
551,agent,G0,409934.50
551,agent,G1,179617.50
551,agent,G2,173054.37
551,agent,G3,646424.45
551,agent,G4,528904.63
551,agent,G5,79576.99
551,agent,G6,185925.77
551,agent,G7,197668.75
551,agent,G8,557347.32
551,agent,G9,587616.53
551,firm,F0,148540086.99
551,firm,F1,64345350.02
551,firm,F2,111036668.50
551,firm,F3,102530493.51
551,firm,F4,128732223.19
551,firm,F5,87751453.73
551,firm,F6,138472589.84
551,firm,F7,74110267.85
551,firm,F8,74698463.46
551,firm,F9,143007795.09
552,agent,G0,409934.50
552,agent,G1,176241.71
552,agent,G2,173054.37
552,agent,G3,627764.45
552,agent,G4,533422.28
552,agent,G5,79576.99
552,agent,G6,181408.13
552,agent,G7,197668.75
552,agent,G8,584345.40
552,agent,G9,587616.53
552,firm,F0,148540086.99
552,firm,F1,64348725.81
552,firm,F2,111036668.50
552,firm,F3,102530493.51
552,firm,F4,128732223.19
552,firm,F5,87751453.73
552,firm,F6,138472589.84
552,firm,F7,74116417.77
552,firm,F8,74717123.46
552,firm,F9,143007795.09
553,agent,G0,409934.50
553,agent,G1,173672.10
553,agent,G2,175623.98
553,agent,G3,834522.41
553,agent,G4,301931.85
553,agent,G5,79576.99
553,agent,G6,181408.13
553,agent,G7,197668.75
553,agent,G8,584345.40
553,agent,G9,587616.53
553,firm,F0,148549374.99
553,firm,F1,64348725.81
553,firm,F2,111036668.50
553,firm,F3,102530493.51
553,firm,F4,128732223.19
553,firm,F5,87751453.73
553,firm,F6,138472589.84
553,firm,F7,74152660.81
553,firm,F8,74721292.89
553,firm,F9,143007795.09
554,agent,G0,409934.50
554,agent,G1,173672.10
554,agent,G2,159296.57
554,agent,G3,842060.84
554,agent,G4,301931.85
554,agent,G5,95996.87
554,agent,G6,181408.13
554,agent,G7,197668.75
554,agent,G8,571376.40
554,agent,G9,587616.53
554,firm,F0,148549374.99
554,firm,F1,64348725.81
554,firm,F2,111036668.50
554,firm,F3,102530493.51
554,firm,F4,128732223.19
554,firm,F5,87754333.14
554,firm,F6,138472589.84
554,firm,F7,74165629.81
554,firm,F8,74721292.89
554,firm,F9,143010253.78
555,agent,G0,403551.73
555,agent,G1,148704.10
555,agent,G2,165811.12
555,agent,G3,835546.29
555,agent,G4,301931.85
555,agent,G5,95996.87
555,agent,G6,181408.13
555,agent,G7,208870.84
555,agent,G8,571376.40
555,agent,G9,587616.53
555,firm,F0,148574342.99
555,firm,F1,64351304.72
555,firm,F2,111036668.50
555,firm,F3,102530493.51
555,firm,F4,128732223.19
555,firm,F5,87754333.14
555,firm,F6,138472589.84
555,firm,F7,74172012.58
555,firm,F8,74721292.89
555,firm,F9,143010253.78
556,agent,G0,379964.76
556,agent,G1,148704.10
556,agent,G2,165811.12
556,agent,G3,835546.29
556,agent,G4,301931.85
556,agent,G5,95996.87
556,agent,G6,181408.13
556,agent,G7,208870.84
556,agent,G8,321179.67
556,agent,G9,809402.07
556,firm,F0,148574342.99
556,firm,F1,64414944.55
556,firm,F2,111036668.50
556,firm,F3,102530493.51
556,firm,F4,128732223.19
556,firm,F5,87754333.14
556,firm,F6,138515882.17
556,firm,F7,74172012.58
556,firm,F8,74721292.89
556,firm,F9,143010253.78
557,agent,G0,388418.31
557,agent,G1,148704.10
557,agent,G2,174564.07
557,agent,G3,835546.29
557,agent,G4,301931.85
557,agent,G5,85550.44
557,agent,G6,200112.54
557,agent,G7,176324.84
557,agent,G8,321179.67
557,agent,G9,809402.07
557,firm,F0,148574342.99
557,firm,F1,64447490.55
557,firm,F2,111038361.98
557,firm,F3,102530493.51
557,firm,F4,128737611.23
557,firm,F5,87754333.14
557,firm,F6,138515882.17
557,firm,F7,74172012.58
557,firm,F8,74721292.89
557,firm,F9,143010253.78
558,agent,G0,388418.31
558,agent,G1,164613.49
558,agent,G2,174564.07
558,agent,G3,816886.29
558,agent,G4,306323.94
558,agent,G5,85550.44
558,agent,G6,195720.44
558,agent,G7,156969.26
558,agent,G8,321179.67
558,agent,G9,818940.28
558,firm,F0,148574342.99
558,firm,F1,64447490.55
558,firm,F2,111038361.98
558,firm,F3,102532760.30
558,firm,F4,128737611.23
558,firm,F5,87754333.14
558,firm,F6,138515882.17
558,firm,F7,74172012.58
558,firm,F8,74724739.08
558,firm,F9,143028913.78
559,agent,G0,397325.53
559,agent,G1,460697.69
559,agent,G2,174564.07
559,agent,G3,459461.46
559,agent,G4,306323.94
559,agent,G5,85550.44
559,agent,G6,154267.22
559,agent,G7,179750.27
559,agent,G8,321179.67
559,agent,G9,818940.28
559,firm,F0,148574342.99
559,firm,F1,64447490.55
559,firm,F2,111043679.97
559,firm,F3,102532760.30
559,firm,F4,128737611.23
559,firm,F5,87786879.14
559,firm,F6,138577222.79
559,firm,F7,74172012.58
559,firm,F8,74724739.08
559,firm,F9,143028913.78
560,agent,G0,397325.53
560,agent,G1,460697.69
560,agent,G2,174564.07
560,agent,G3,437594.83
560,agent,G4,306323.94
560,agent,G5,91694.28
560,agent,G6,154267.22
560,agent,G7,203090.97
560,agent,G8,286516.81
560,agent,G9,818940.28
560,firm,F0,148574342.99
560,firm,F1,64447490.55
560,firm,F2,111043679.97
560,firm,F3,102537850.10
560,firm,F4,128739092.39
560,firm,F5,87814978.14
560,firm,F6,138577222.79
560,firm,F7,74172012.58
560,firm,F8,74724739.08
560,firm,F9,143028913.78
561,agent,G0,397325.53
561,agent,G1,460697.69
561,agent,G2,174564.07
561,agent,G3,443881.22
561,agent,G4,316853.81
561,agent,G5,103217.44
561,agent,G6,126168.22
561,agent,G7,196804.58
561,agent,G8,286516.81
561,agent,G9,818940.28
561,firm,F0,148574342.99
561,firm,F1,64447490.55
561,firm,F2,111043679.97
561,firm,F3,102543305.91
561,firm,F4,128767191.39
561,firm,F5,87814978.14
561,firm,F6,138577222.79
561,firm,F7,74174124.74
561,firm,F8,74724739.08
561,firm,F9,143028913.78
562,agent,G0,397325.53
562,agent,G1,410898.12
562,agent,G2,174564.07
562,agent,G3,508324.70
562,agent,G4,316853.81
562,agent,G5,96408.67
562,agent,G6,132976.99
562,agent,G7,167183.58
562,agent,G8,286516.81
562,agent,G9,818940.28
562,firm,F0,148574342.99
562,firm,F1,64447490.55
562,firm,F2,111073300.97
562,firm,F3,102550765.51
562,firm,F4,128767191.39
562,firm,F5,87814978.14
562,firm,F6,138577222.79
562,firm,F7,74178117.24
562,firm,F8,74724739.08
562,firm,F9,143028913.78
563,agent,G0,397325.53
563,agent,G1,410898.12
563,agent,G2,174564.07
563,agent,G3,508324.70
563,agent,G4,316853.81
563,agent,G5,84603.67
563,agent,G6,159422.33
563,agent,G7,167183.58
563,agent,G8,286516.81
563,agent,G9,816023.13
563,firm,F0,148574342.99
563,firm,F1,64452561.05
563,firm,F2,111073300.97
563,firm,F3,102553501.82
563,firm,F4,128778996.39
563,firm,F5,87814978.14
563,firm,F6,138577222.79
563,firm,F7,74178117.24
563,firm,F8,74724739.08
563,firm,F9,143028913.78
564,agent,G0,397325.53
564,agent,G1,410898.12
564,agent,G2,177541.30
564,agent,G3,492378.46
564,agent,G4,316853.81
564,agent,G5,75413.05
564,agent,G6,159422.33
564,agent,G7,167183.58
564,agent,G8,286516.81
564,agent,G9,850752.02
564,firm,F0,148574342.99
564,firm,F1,64452561.05
564,firm,F2,111079203.20
564,firm,F3,102553501.82
564,firm,F4,128778996.39
564,firm,F5,87814978.14
564,firm,F6,138577222.79
564,firm,F7,74178117.24
564,firm,F8,74724739.08
564,firm,F9,143043343.29
565,agent,G0,400805.68
565,agent,G1,410898.12
565,agent,G2,177541.30
565,agent,G3,801979.28
565,agent,G4,325773.90
565,agent,G5,75413.05
565,agent,G6,126521.33
565,agent,G7,167183.58
565,agent,G8,286516.81
565,agent,G9,477967.21
565,firm,F0,148628606.88
565,firm,F1,64485462.05
565,firm,F2,111079203.20
565,firm,F3,102553501.82
565,firm,F4,128778996.39
565,firm,F5,87814978.14
565,firm,F6,138577222.79
565,firm,F7,74178117.24
565,firm,F8,74725521.93
565,firm,F9,143043343.29
566,agent,G0,517203.49
566,agent,G1,410898.12
566,agent,G2,177541.30
566,agent,G3,801979.28
566,agent,G4,325773.90
566,agent,G5,75367.65
566,agent,G6,115353.54
566,agent,G7,167183.58
566,agent,G8,286516.81
566,agent,G9,474996.11
566,firm,F0,148630986.18
566,firm,F1,64514176.24
566,firm,F2,111079203.20
566,firm,F3,102565306.82
566,firm,F4,128778996.39
566,firm,F5,87814978.14
566,firm,F6,138577222.79
566,firm,F7,74178117.24
566,firm,F8,74725521.93
566,firm,F9,143043343.29
567,agent,G0,295301.28
567,agent,G1,410898.12
567,agent,G2,207648.21
567,agent,G3,842577.81
567,agent,G4,325773.90
567,agent,G5,75367.65
567,agent,G6,115353.54
567,agent,G7,206465.38
567,agent,G8,286516.81
567,agent,G9,474996.11
567,firm,F0,148630986.18
567,firm,F1,64659288.24
567,firm,F2,111085287.98
567,firm,F3,102565306.82
567,firm,F4,128778996.39
567,firm,F5,87814978.14
567,firm,F6,138577222.79
567,firm,F7,74186349.44
567,firm,F8,74725521.93
567,firm,F9,143043343.29
568,agent,G0,295301.28
568,agent,G1,462547.74
568,agent,G2,207648.21
568,agent,G3,878638.62
568,agent,G4,325773.90
568,agent,G5,75367.65
568,agent,G6,102822.17
568,agent,G7,206465.38
568,agent,G8,286516.81
568,agent,G9,379754.11
568,firm,F0,148630986.18
568,firm,F1,64659288.24
568,firm,F2,111182522.02
568,firm,F3,102565306.82
568,firm,F4,128778996.39
568,firm,F5,87814978.14
568,firm,F6,138577222.79
568,firm,F7,74186349.44
568,firm,F8,74743592.84
568,firm,F9,143043343.29
569,agent,G0,263174.51
569,agent,G1,462547.74
569,agent,G2,223534.97
569,agent,G3,878638.62
569,agent,G4,325773.90
569,agent,G5,75367.65
569,agent,G6,105573.09
569,agent,G7,221593.87
569,agent,G8,286516.81
569,agent,G9,377003.18
569,firm,F0,148630986.18
569,firm,F1,64659288.24
569,firm,F2,111182522.02
569,firm,F3,102568337.06
569,firm,F4,128778996.39
569,firm,F5,87814978.14
569,firm,F6,138577222.79
569,firm,F7,74198154.44
569,firm,F8,74748786.11
569,firm,F9,143043343.29
570,agent,G0,263174.51
570,agent,G1,439882.57
570,agent,G2,128292.97
570,agent,G3,934104.49
570,agent,G4,289998.47
570,agent,G5,75367.65
570,agent,G6,105573.09
570,agent,G7,250973.22
570,agent,G8,286516.81
570,agent,G9,377003.18
570,firm,F0,148630986.18
570,firm,F1,64659288.24
570,firm,F2,111182522.02
570,firm,F3,102669975.14
570,firm,F4,128778996.39
570,firm,F5,87814978.14
570,firm,F6,138585045.09
570,firm,F7,74198154.44
570,firm,F8,74748786.11
570,firm,F9,143043343.29
571,agent,G0,263174.51
571,agent,G1,418806.16
571,agent,G2,128292.97
571,agent,G3,955180.90
571,agent,G4,289998.47
571,agent,G5,75367.65
571,agent,G6,105573.09
571,agent,G7,268245.82
571,agent,G8,286516.81
571,agent,G9,276279.92
571,firm,F0,148630986.18
571,firm,F1,64664769.50
571,firm,F2,111182522.02
571,firm,F3,102765217.14
571,firm,F4,128778996.39
571,firm,F5,87819099.54
571,firm,F6,138585045.09
571,firm,F7,74198154.44
571,firm,F8,74748786.11
571,firm,F9,143043343.29
572,agent,G0,263174.51
572,agent,G1,397412.16
572,agent,G2,133979.54
572,agent,G3,955180.90
572,agent,G4,289998.47
572,agent,G5,75367.65
572,agent,G6,123150.94
572,agent,G7,287514.30
572,agent,G8,286516.81
572,agent,G9,245978.99
572,firm,F0,148630986.18
572,firm,F1,64664769.50
572,firm,F2,111182522.02
572,firm,F3,102765217.14
572,firm,F4,128778996.39
572,firm,F5,87827967.56
572,firm,F6,138585045.09
572,firm,F7,74198154.44
572,firm,F8,74770180.11
572,firm,F9,143043343.29
573,agent,G0,237078.51
573,agent,G1,404637.48
573,agent,G2,133979.54
573,agent,G3,947955.58
573,agent,G4,320988.13
573,agent,G5,75367.65
573,agent,G6,123150.94
573,agent,G7,287514.30
573,agent,G8,308957.76
573,agent,G9,219224.14
573,firm,F0,148630986.18
573,firm,F1,64664769.50
573,firm,F2,111182522.02
573,firm,F3,102765217.14
573,firm,F4,128778996.39
573,firm,F5,87832281.47
573,firm,F6,138585045.09
573,firm,F7,74198154.44
573,firm,F8,74796276.11
573,firm,F9,143050298.63
574,agent,G0,237078.51
574,agent,G1,404637.48
574,agent,G2,133979.54
574,agent,G3,947955.58
574,agent,G4,320988.13
574,agent,G5,75367.65
574,agent,G6,96382.59
574,agent,G7,275629.66
574,agent,G8,343131.11
574,agent,G9,219224.14
574,firm,F0,148630986.18
574,firm,F1,64664769.50
574,firm,F2,111182522.02
574,firm,F3,102765217.14
574,firm,F4,128778996.39
574,firm,F5,87858152.63
574,firm,F6,138585045.09
574,firm,F7,74201983.92
574,firm,F8,74796276.11
574,firm,F9,143050298.63
575,agent,G0,249190.80
575,agent,G1,415085.33
575,agent,G2,119295.92
575,agent,G3,937507.73
575,agent,G4,320988.13
575,agent,G5,79386.55
575,agent,G6,96382.59
575,agent,G7,235006.66
575,agent,G8,343131.11
575,agent,G9,219224.14
575,firm,F0,148630986.18
575,firm,F1,64664769.50
575,firm,F2,111182522.02
575,firm,F3,102765217.14
575,firm,F4,128778996.39
575,firm,F5,87858152.63
575,firm,F6,138585832.19
575,firm,F7,74245178.26
575,firm,F8,74796276.11
575,firm,F9,143050298.63
576,agent,G0,249190.80
576,agent,G1,425266.36
576,agent,G2,119295.92
576,agent,G3,927326.69
576,agent,G4,320988.13
576,agent,G5,38763.55
576,agent,G6,123434.56
576,agent,G7,230401.65
576,agent,G8,343131.11
576,agent,G9,219224.14
576,firm,F0,148630986.18
576,firm,F1,64664769.50
576,firm,F2,111182522.02
576,firm,F3,102771809.17
576,firm,F4,128778996.39
576,firm,F5,87858152.63
576,firm,F6,138626455.19
576,firm,F7,74245178.26
576,firm,F8,74800881.11
576,firm,F9,143050298.63
577,agent,G0,249190.80
577,agent,G1,431725.24
577,agent,G2,131357.73
577,agent,G3,920867.82
577,agent,G4,320988.13
577,agent,G5,38763.55
577,agent,G6,123434.56
577,agent,G7,204305.65
577,agent,G8,343131.11
577,agent,G9,219224.14
577,firm,F0,148630986.18
577,firm,F1,64664769.50
577,firm,F2,111182522.02
577,firm,F3,102771809.17
577,firm,F4,128778996.39
577,firm,F5,87886947.77
577,firm,F6,138626455.19
577,firm,F7,74245178.26
577,firm,F8,74803483.17
577,firm,F9,143050298.63
578,agent,G0,249190.80
578,agent,G1,438895.38
578,agent,G2,131357.73
578,agent,G3,882842.59
578,agent,G4,294892.13
578,agent,G5,38763.55
578,agent,G6,123434.56
578,agent,G7,204305.65
578,agent,G8,343131.11
578,agent,G9,219224.14
578,firm,F0,148630986.18
578,firm,F1,64675164.66
578,firm,F2,111182522.02
578,firm,F3,102771809.17
578,firm,F4,128778996.39
578,firm,F5,87960228.70
578,firm,F6,138626455.19
578,firm,F7,74245178.26
578,firm,F8,74803483.17
578,firm,F9,143076394.63
579,agent,G0,249190.80
579,agent,G1,438895.38
579,agent,G2,131357.73
579,agent,G3,867782.92
579,agent,G4,294892.13
579,agent,G5,38763.55
579,agent,G6,110120.97
579,agent,G7,211468.72
579,agent,G8,357917.18
579,agent,G9,219224.14
579,firm,F0,148630986.18
579,firm,F1,64675164.66
579,firm,F2,111182522.02
579,firm,F3,102776293.03
579,firm,F4,128780936.65
579,firm,F5,87960228.70
579,firm,F6,138652888.19
579,firm,F7,74245178.26
579,firm,F8,74803483.17
579,firm,F9,143076394.63
580,agent,G0,275967.35
580,agent,G1,446576.04
580,agent,G2,137183.20
580,agent,G3,834138.92
580,agent,G4,262690.26
580,agent,G5,38763.55
580,agent,G6,102440.31
580,agent,G7,211468.72
580,agent,G8,357917.18
580,agent,G9,219224.14
580,firm,F0,148630986.18
580,firm,F1,64708808.66
580,firm,F2,111182522.02
580,firm,F3,102776293.03
580,firm,F4,128780936.65
580,firm,F5,87960228.70
580,firm,F6,138652888.19
580,firm,F7,74245178.26
580,firm,F8,74803483.17
580,firm,F9,143082860.48
581,agent,G0,275967.35
581,agent,G1,446576.04
581,agent,G2,137183.20
581,agent,G3,826727.99
581,agent,G4,258154.79
581,agent,G5,38763.55
581,agent,G6,102440.31
581,agent,G7,211468.72
581,agent,G8,362319.12
581,agent,G9,219224.14
581,firm,F0,148630986.18
581,firm,F1,64713344.12
581,firm,F2,111201542.01
581,firm,F3,102776293.03
581,firm,F4,128780936.65
581,firm,F5,87960228.70
581,firm,F6,138652888.19
581,firm,F7,74245178.26
581,firm,F8,74803483.17
581,firm,F9,143082860.48
582,agent,G0,275967.35
582,agent,G1,446576.04
582,agent,G2,137183.20
582,agent,G3,820829.99
582,agent,G4,258154.79
582,agent,G5,35857.02
582,agent,G6,102440.31
582,agent,G7,214771.31
582,agent,G8,365954.15
582,agent,G9,219224.14
582,firm,F0,148630986.18
582,firm,F1,64713344.12
582,firm,F2,111201542.01
582,firm,F3,102777078.46
582,firm,F4,128780936.65
582,firm,F5,87960228.70
582,firm,F6,138658786.19
582,firm,F7,74245178.26
582,firm,F8,74803483.17
582,firm,F9,143083941.96
583,agent,G0,275967.35
583,agent,G1,446576.04
583,agent,G2,137183.20
583,agent,G3,820829.99
583,agent,G4,258154.79
583,agent,G5,44006.03
583,agent,G6,102440.31
583,agent,G7,189885.67
583,agent,G8,379304.65
583,agent,G9,219224.14
583,firm,F0,148635148.48
583,firm,F1,64713344.12
583,firm,F2,111201542.01
583,firm,F3,102784585.29
583,firm,F4,128780936.65
583,firm,F5,87960228.70
583,firm,F6,138658786.19
583,firm,F7,74245178.26
583,firm,F8,74803483.17
583,firm,F9,143083941.96
584,agent,G0,275967.35
584,agent,G1,749529.95
584,agent,G2,135278.15
584,agent,G3,467119.90
584,agent,G4,258154.79
584,agent,G5,44006.03
584,agent,G6,95574.31
584,agent,G7,199701.22
584,agent,G8,381209.70
584,agent,G9,219224.14
584,firm,F0,148635148.48
584,firm,F1,64713344.12
584,firm,F2,111252298.18
584,firm,F3,102793444.75
584,firm,F4,128780936.65
584,firm,F5,87960228.70
584,firm,F6,138658786.19
584,firm,F7,74245178.26
584,firm,F8,74803483.17
584,firm,F9,143083941.96
585,agent,G0,275967.35
585,agent,G1,749529.95
585,agent,G2,138568.53
585,agent,G3,416415.21
585,agent,G4,258154.79
585,agent,G5,44006.03
585,agent,G6,138293.59
585,agent,G7,193251.77
585,agent,G8,381209.70
585,agent,G9,219224.14
585,firm,F0,148635148.48
585,firm,F1,64713344.12
585,firm,F2,111265932.24
585,firm,F3,102793444.75
585,firm,F4,128780936.65
585,firm,F5,87960228.70
585,firm,F6,138658786.19
585,firm,F7,74245178.26
585,firm,F8,74803483.17
585,firm,F9,143091927.37
586,agent,G0,272235.47
586,agent,G1,749529.95
586,agent,G2,138568.53
586,agent,G3,416415.21
586,agent,G4,258154.79
586,agent,G5,42005.58
586,agent,G6,168167.88
586,agent,G7,184968.77
586,agent,G8,381209.70
586,agent,G9,219224.14
586,firm,F0,148635148.48
586,firm,F1,64713344.12
586,firm,F2,111265932.24
586,firm,F3,102801727.75
586,firm,F4,128780936.65
586,firm,F5,87960228.70
586,firm,F6,138658786.19
586,firm,F7,74250520.97
586,firm,F8,74808905.48
586,firm,F9,143091927.37
587,agent,G0,263389.88
587,agent,G1,749529.95
587,agent,G2,138568.53
587,agent,G3,416415.21
587,agent,G4,267000.39
587,agent,G5,41364.65
587,agent,G6,168167.88
587,agent,G7,150061.77
587,agent,G8,381209.70
587,agent,G9,268796.00
587,firm,F0,148635148.48
587,firm,F1,64713344.12
587,firm,F2,111265932.24
587,firm,F3,102801727.75
587,firm,F4,128781577.59
587,firm,F5,87960228.70
587,firm,F6,138658786.19
587,firm,F7,74260301.11
587,firm,F8,74808905.48
587,firm,F9,143126834.37
588,agent,G0,278735.49
588,agent,G1,749529.95
588,agent,G2,129847.46
588,agent,G3,416415.21
588,agent,G4,320158.26
588,agent,G5,41364.65
588,agent,G6,149879.91
588,agent,G7,150061.77
588,agent,G8,383064.78
588,agent,G9,268796.00
588,firm,F0,148638090.84
588,firm,F1,64723065.24
588,firm,F2,111265932.24
588,firm,F3,102801727.75
588,firm,F4,128781577.59
588,firm,F5,87960228.70
588,firm,F6,138658786.19
588,firm,F7,74260301.11
588,firm,F8,74808905.48
588,firm,F9,143133700.37
589,agent,G0,278735.49
589,agent,G1,749529.95
589,agent,G2,129847.46
589,agent,G3,416415.21
589,agent,G4,298809.26
589,agent,G5,41364.65
589,agent,G6,175402.37
589,agent,G7,154976.14
589,agent,G8,383064.78
589,agent,G9,250885.42
589,firm,F0,148638090.84
589,firm,F1,64744414.24
589,firm,F2,111265932.24
589,firm,F3,102805254.68
589,firm,F4,128781577.59
589,firm,F5,87960228.70
589,firm,F6,138658786.19
589,firm,F7,74260301.11
589,firm,F8,74814201.30
589,firm,F9,143133700.37
590,agent,G0,195477.78
590,agent,G1,749529.95
590,agent,G2,129847.46
590,agent,G3,524618.21
590,agent,G4,298809.26
590,agent,G5,61335.64
590,agent,G6,175402.37
590,agent,G7,154976.14
590,agent,G8,383064.78
590,agent,G9,236573.64
590,firm,F0,148638090.84
590,firm,F1,64744414.24
590,firm,F2,111265932.24
590,firm,F3,102805254.68
590,firm,F4,128781577.59
590,firm,F5,87964163.42
590,firm,F6,138658786.19
590,firm,F7,74281122.89
590,firm,F8,74873553.30
590,firm,F9,143133700.37
591,agent,G0,195477.78
591,agent,G1,749529.95
591,agent,G2,129847.46
591,agent,G3,527724.96
591,agent,G4,298809.26
591,agent,G5,61335.64
591,agent,G6,189685.92
591,agent,G7,139159.42
591,agent,G8,383064.78
591,agent,G9,231561.64
591,firm,F0,148638090.84
591,firm,F1,64744414.24
591,firm,F2,111265932.24
591,firm,F3,102812918.57
591,firm,F4,128781577.59
591,firm,F5,87964163.42
591,firm,F6,138658786.19
591,firm,F7,74281122.89
591,firm,F8,74874339.84
591,firm,F9,143133700.37
592,agent,G0,195477.78
592,agent,G1,773268.33
592,agent,G2,124835.46
592,agent,G3,295469.33
592,agent,G4,298809.26
592,agent,G5,61335.64
592,agent,G6,379841.37
592,agent,G7,140315.00
592,agent,G8,383064.78
592,agent,G9,231561.64
592,firm,F0,148638090.84
592,firm,F1,64744414.24
592,firm,F2,111265932.24
592,firm,F3,102812918.57
592,firm,F4,128781577.59
592,firm,F5,87974671.04
592,firm,F6,138658786.19
592,firm,F7,74281122.89
592,firm,F8,74874339.84
592,firm,F9,143174644.96
593,agent,G0,195477.78
593,agent,G1,773268.33
593,agent,G2,111119.14
593,agent,G3,299964.13
593,agent,G4,298809.26
593,agent,G5,72586.42
593,agent,G6,379841.37
593,agent,G7,140315.00
593,agent,G8,383064.78
593,agent,G9,225917.87
593,firm,F0,148638090.84
593,firm,F1,64744414.24
593,firm,F2,111265932.24
593,firm,F3,102812918.57
593,firm,F4,128781577.59
593,firm,F5,87974671.04
593,firm,F6,138661251.73
593,firm,F7,74288505.89
593,firm,F8,74874339.84
593,firm,F9,143175793.92
594,agent,G0,195477.78
594,agent,G1,438538.95
594,agent,G2,111119.14
594,agent,G3,297976.18
594,agent,G4,298809.26
594,agent,G5,349088.70
594,agent,G6,379841.37
594,agent,G7,141925.05
594,agent,G8,383064.78
594,agent,G9,227905.83
594,firm,F0,148638090.84
594,firm,F1,64744414.24
594,firm,F2,111265932.24
594,firm,F3,102820616.53
594,firm,F4,128781577.59
594,firm,F5,87974671.04
594,firm,F6,138661251.73
594,firm,F7,74288505.89
594,firm,F8,74874339.84
594,firm,F9,143226638.02
595,agent,G0,195477.78
595,agent,G1,457486.82
595,agent,G2,111119.14
595,agent,G3,296836.87
595,agent,G4,298809.26
595,agent,G5,349088.70
595,agent,G6,379841.37
595,agent,G7,138052.35
595,agent,G8,376182.50
595,agent,G9,227905.83
595,firm,F0,148638090.84
595,firm,F1,64748248.38
595,firm,F2,111265932.24
595,firm,F3,102825628.53
595,firm,F4,128788459.87
595,firm,F5,87974671.04
595,firm,F6,138661251.73
595,firm,F7,74288505.89
595,firm,F8,74874339.84
595,firm,F9,143226638.02
596,agent,G0,194104.05
596,agent,G1,407749.02
596,agent,G2,111950.38
596,agent,G3,296836.87
596,agent,G4,298809.26
596,agent,G5,349088.70
596,agent,G6,421600.94
596,agent,G7,138052.35
596,agent,G8,376182.50
596,agent,G9,227905.83
596,firm,F0,148646069.07
596,firm,F1,64748248.38
596,firm,F2,111265932.24
596,firm,F3,102825628.53
596,firm,F4,128792525.37
596,firm,F5,87974671.04
596,firm,F6,138661251.73
596,firm,F7,74288505.89
596,firm,F8,74874339.84
596,firm,F9,143226638.02
597,agent,G0,194104.05
597,agent,G1,392072.64
597,agent,G2,137886.41
597,agent,G3,190637.11
597,agent,G4,298809.26
597,agent,G5,349088.70
597,agent,G6,421600.94
597,agent,G7,138052.35
597,agent,G8,376182.50
597,agent,G9,227905.83
597,firm,F0,148646069.07
597,firm,F1,64748248.38
597,firm,F2,111271510.20
597,firm,F3,102832791.68
597,firm,F4,128792525.37
597,firm,F5,87974671.04
597,firm,F6,138661251.73
597,firm,F7,74288505.89
597,firm,F8,74989052.84
597,firm,F9,143226638.02
598,agent,G0,194104.05
598,agent,G1,439727.63
598,agent,G2,137886.41
598,agent,G3,146479.11
598,agent,G4,298809.26
598,agent,G5,349088.70
598,agent,G6,421600.94
598,agent,G7,138052.35
598,agent,G8,357708.07
598,agent,G9,227905.83
598,firm,F0,148646069.07
598,firm,F1,64755393.71
598,firm,F2,111271510.20
598,firm,F3,102832791.68
598,firm,F4,128792525.37
598,firm,F5,87974671.04
598,firm,F6,138669083.83
598,firm,F7,74332663.89
598,firm,F8,74989052.84
598,firm,F9,143226638.02
599,agent,G0,194104.05
599,agent,G1,425233.86
599,agent,G2,115104.41
599,agent,G3,146479.11
599,agent,G4,298809.26
599,agent,G5,349088.70
599,agent,G6,421600.94
599,agent,G7,138052.35
599,agent,G8,357708.07
599,agent,G9,276398.98
599,firm,F0,148646069.07
599,firm,F1,64755393.71
599,firm,F2,111294292.20
599,firm,F3,102832791.68
599,firm,F4,128792525.37
599,firm,F5,87974671.04
599,firm,F6,138669083.83
599,firm,F7,74341350.49
599,firm,F8,74997878.86
599,firm,F9,143226638.02
600,agent,G0,194104.05
600,agent,G1,436366.26
600,agent,G2,153245.06
600,agent,G3,146479.11
600,agent,G4,298809.26
600,agent,G5,352275.26
600,agent,G6,375421.40
600,agent,G7,138052.35
600,agent,G8,302417.66
600,agent,G9,276398.98
600,firm,F0,148646069.07
600,firm,F1,64799551.71
600,firm,F2,111294292.20
600,firm,F3,102832791.68
600,firm,F4,128792525.37
600,firm,F5,87974671.04
600,firm,F6,138669083.83
600,firm,F7,74349389.38
600,firm,F8,74997878.86
600,firm,F9,143227398.46
601,agent,G0,207917.96
601,agent,G1,429058.26
601,agent,G2,136409.96
601,agent,G3,148349.59
601,agent,G4,298809.26
601,agent,G5,352275.26
601,agent,G6,375421.40
601,agent,G7,138052.35
601,agent,G8,306649.71
601,agent,G9,276398.98
601,firm,F0,148646069.07
601,firm,F1,64806859.71
601,firm,F2,111294292.20
601,firm,F3,102835812.87
601,firm,F4,128792525.37
601,firm,F5,87974671.04
601,firm,F6,138669083.83
601,firm,F7,74349389.38
601,firm,F8,74997878.86
601,firm,F9,143228603.93
602,agent,G0,207917.96
602,agent,G1,429058.26
602,agent,G2,136409.96
602,agent,G3,150093.77
602,agent,G4,266652.11
602,agent,G5,372571.96
602,agent,G6,375421.40
602,agent,G7,178003.21
602,agent,G8,304905.53
602,agent,G9,276398.98
602,firm,F0,148646069.07
602,firm,F1,64806859.71
602,firm,F2,111298844.65
602,firm,F3,102835812.87
602,firm,F4,128792525.37
602,firm,F5,87974671.04
602,firm,F6,138669083.83
602,firm,F7,74349389.38
602,firm,F8,75007221.00
602,firm,F9,143235911.93
603,agent,G0,266840.93
603,agent,G1,414887.36
603,agent,G2,136409.96
603,agent,G3,150093.77
603,agent,G4,237960.01
603,agent,G5,372571.96
603,agent,G6,375421.40
603,agent,G7,178003.21
603,agent,G8,267564.43
603,agent,G9,301037.30
603,firm,F0,148646069.07
603,firm,F1,64806859.71
603,firm,F2,111298844.65
603,firm,F3,102847637.90
603,firm,F4,128792525.37
603,firm,F5,87978724.83
603,firm,F6,138669083.83
603,firm,F7,74349389.38
603,firm,F8,75007221.00
603,firm,F9,143287423.93
604,agent,G0,266840.93
604,agent,G1,443158.49
604,agent,G2,136409.96
604,agent,G3,150093.77
604,agent,G4,237960.01
604,agent,G5,332373.39
604,agent,G6,387774.51
604,agent,G7,155221.21
604,agent,G8,267564.43
604,agent,G9,307081.99
604,firm,F0,148646069.07
604,firm,F1,64812742.46
604,firm,F2,111301846.53
604,firm,F3,102847637.90
604,firm,F4,128792525.37
604,firm,F5,87978724.83
604,firm,F6,138669083.83
604,firm,F7,74349389.38
604,firm,F8,75030003.00
604,firm,F9,143287423.93
605,agent,G0,262741.78
605,agent,G1,443158.49
605,agent,G2,136409.96
605,agent,G3,148135.38
605,agent,G4,237960.01
605,agent,G5,332373.39
605,agent,G6,380391.51
605,agent,G7,155221.21
605,agent,G8,292552.70
605,agent,G9,309040.38
605,firm,F0,148646069.07
605,firm,F1,64812742.46
605,firm,F2,111309229.53
605,firm,F3,102847637.90
605,firm,F4,128792525.37
605,firm,F5,87984090.56
605,firm,F6,138669083.83
605,firm,F7,74353488.53
605,firm,F8,75030003.00
605,firm,F9,143287423.93
606,agent,G0,243082.03
606,agent,G1,462818.24
606,agent,G2,136409.96
606,agent,G3,148135.38
606,agent,G4,233289.40
606,agent,G5,332373.39
606,agent,G6,394136.99
606,agent,G7,155221.21
606,agent,G8,221804.70
606,agent,G9,309040.38
606,firm,F0,148650739.67
606,firm,F1,64812742.46
606,firm,F2,111309229.53
606,firm,F3,102850895.42
606,firm,F4,128792525.37
606,firm,F5,88054838.56
606,firm,F6,138669083.83
606,firm,F7,74353488.53
606,firm,F8,75030003.00
606,firm,F9,143287423.93
607,agent,G0,216570.84
607,agent,G1,462818.24
607,agent,G2,158515.17
607,agent,G3,146441.02
607,agent,G4,241144.93
607,agent,G5,332373.39
607,agent,G6,394136.99
607,agent,G7,155221.21
607,agent,G8,221804.70
607,agent,G9,310734.74
607,firm,F0,148655145.65
607,firm,F1,64812742.46
607,firm,F2,111309229.53
607,firm,F3,102850895.42
607,firm,F4,128803118.84
607,firm,F5,88054838.56
607,firm,F6,138669083.83
607,firm,F7,74353488.53
607,firm,F8,75030003.00
607,firm,F9,143287423.93
608,agent,G0,216570.84
608,agent,G1,455435.24
608,agent,G2,155755.80
608,agent,G3,144713.63
608,agent,G4,241144.93
608,agent,G5,332373.39
608,agent,G6,394136.99
608,agent,G7,159784.15
608,agent,G8,221804.70
608,agent,G9,312462.13
608,firm,F0,148655145.65
608,firm,F1,64812742.46
608,firm,F2,111309229.53
608,firm,F3,102854573.86
608,firm,F4,128803118.84
608,firm,F5,88054838.56
608,firm,F6,138669083.83
608,firm,F7,74353488.53
608,firm,F8,75037386.00
608,firm,F9,143287423.93
609,agent,G0,221258.38
609,agent,G1,455435.24
609,agent,G2,155755.80
609,agent,G3,144713.63
609,agent,G4,241144.93
609,agent,G5,332373.39
609,agent,G6,389449.45
609,agent,G7,142781.15
609,agent,G8,261811.63
609,agent,G9,312462.13
609,firm,F0,148655145.65
609,firm,F1,64812742.46
609,firm,F2,111314361.35
609,firm,F3,102871576.86
609,firm,F4,128803118.84
609,firm,F5,88054838.56
609,firm,F6,138669083.83
609,firm,F7,74362717.79
609,firm,F8,75037386.00
609,firm,F9,143287423.93
610,agent,G0,225451.08
610,agent,G1,455435.24
610,agent,G2,155755.80
610,agent,G3,168803.81
610,agent,G4,263158.24
610,agent,G5,332373.39
610,agent,G6,368253.75
610,agent,G7,142781.15
610,agent,G8,233539.48
610,agent,G9,312462.13
610,firm,F0,148655145.65
610,firm,F1,64812742.46
610,firm,F2,111314361.35
610,firm,F3,102888579.86
610,firm,F4,128807606.53
610,firm,F5,88054838.56
610,firm,F6,138669083.83
610,firm,F7,74366899.76
610,firm,F8,75037386.00
610,firm,F9,143287423.93
611,agent,G0,225451.08
611,agent,G1,406055.39
611,agent,G2,155755.80
611,agent,G3,196784.87
611,agent,G4,304865.43
611,agent,G5,332373.39
611,agent,G6,383124.36
611,agent,G7,142781.15
611,agent,G8,164300.88
611,agent,G9,312462.13
611,firm,F0,148655145.65
611,firm,F1,64826001.06
611,firm,F2,111314361.35
611,firm,F3,102888579.86
611,firm,F4,128807606.53
611,firm,F5,88054838.56
611,firm,F6,138669083.83
611,firm,F7,74421267.76
611,firm,F8,75037386.00
611,firm,F9,143287423.93
612,agent,G0,225451.08
612,agent,G1,406055.39
612,agent,G2,155755.80
612,agent,G3,194932.72
612,agent,G4,304865.43
612,agent,G5,367268.42
612,agent,G6,341394.51
612,agent,G7,142781.15
612,agent,G8,164300.88
612,agent,G9,336000.40
612,firm,F0,148655145.65
612,firm,F1,64840148.94
612,firm,F2,111314361.35
612,firm,F3,102888579.86
612,firm,F4,128807606.53
612,firm,F5,88054838.56
612,firm,F6,138669083.83
612,firm,F7,74428102.58
612,firm,F8,75037386.00
612,firm,F9,143287423.93
613,agent,G0,225451.08
613,agent,G1,406055.39
613,agent,G2,170597.30
613,agent,G3,187923.10
613,agent,G4,298997.61
613,agent,G5,367268.42
613,agent,G6,341394.51
613,agent,G7,142781.15
613,agent,G8,146282.20
613,agent,G9,336000.40
613,firm,F0,148658410.09
613,firm,F1,64866649.94
613,firm,F2,111314361.35
613,firm,F3,102888579.86
613,firm,F4,128807606.53
613,firm,F5,88054838.56
613,firm,F6,138672261.01
613,firm,F7,74428102.58
613,firm,F8,75037386.00
613,firm,F9,143287423.93
614,agent,G0,225451.08
614,agent,G1,416883.12
614,agent,G2,170597.30
614,agent,G3,167485.55
614,agent,G4,291417.70
614,agent,G5,367268.42
614,agent,G6,341394.51
614,agent,G7,142781.15
614,agent,G8,146282.20
614,agent,G9,342319.73
614,firm,F0,148658410.09
614,firm,F1,64866649.94
614,firm,F2,111317651.84
614,firm,F3,102888579.86
614,firm,F4,128807606.53
614,firm,F5,88081027.46
614,firm,F6,138672261.01
614,firm,F7,74428102.58
614,firm,F8,75037386.00
614,firm,F9,143287423.93
615,agent,G0,229695.26
615,agent,G1,429970.74
615,agent,G2,170597.30
615,agent,G3,156296.88
615,agent,G4,291417.70
615,agent,G5,367268.42
615,agent,G6,341394.51
615,agent,G7,127312.54
615,agent,G8,146282.20
615,agent,G9,342319.73
615,firm,F0,148658410.09
615,firm,F1,64866649.94
615,firm,F2,111317651.84
615,firm,F3,102888579.86
615,firm,F4,128807606.53
615,firm,F5,88081027.46
615,firm,F6,138690999.49
615,firm,F7,74428102.58
615,firm,F8,75037386.00
615,firm,F9,143289804.92
616,agent,G0,229695.26
616,agent,G1,378364.67
616,agent,G2,170597.30
616,agent,G3,172197.84
616,agent,G4,291417.70
616,agent,G5,367268.42
616,agent,G6,341394.51
616,agent,G7,127312.54
616,agent,G8,186141.21
616,agent,G9,347688.33
616,firm,F0,148658410.09
616,firm,F1,64866649.94
616,firm,F2,111317651.84
616,firm,F3,102888579.86
616,firm,F4,128807606.53
616,firm,F5,88081027.46
616,firm,F6,138713781.49
616,firm,F7,74436774.57
616,firm,F8,75044940.52
616,firm,F9,143289804.92
617,agent,G0,227683.01
617,agent,G1,396059.07
617,agent,G2,170597.30
617,agent,G3,153440.41
617,agent,G4,291417.70
617,agent,G5,367268.42
617,agent,G6,341394.51
617,agent,G7,127312.54
617,agent,G8,115393.21
617,agent,G9,373197.98
617,firm,F0,148658410.09
617,firm,F1,64866649.94
617,firm,F2,111317651.84
617,firm,F3,102888579.86
617,firm,F4,128816316.17
617,firm,F5,88081027.46
617,firm,F6,138713781.49
617,firm,F7,74507522.57
617,firm,F8,75044940.52
617,firm,F9,143289804.92
618,agent,G0,139752.08
618,agent,G1,413242.00
618,agent,G2,170597.30
618,agent,G3,153440.41
618,agent,G4,291417.70
618,agent,G5,367268.42
618,agent,G6,334614.90
618,agent,G7,127312.54
618,agent,G8,115393.21
618,agent,G9,382534.58
618,firm,F0,148658410.09
618,firm,F1,64866649.94
618,firm,F2,111317651.84
618,firm,F3,102959327.86
618,firm,F4,128823095.79
618,firm,F5,88081027.46
618,firm,F6,138713781.49
618,firm,F7,74509774.96
618,firm,F8,75044940.52
618,firm,F9,143289804.92
619,agent,G0,139752.08
619,agent,G1,413242.00
619,agent,G2,170597.30
619,agent,G3,156571.46
619,agent,G4,279828.70
619,agent,G5,367268.42
619,agent,G6,329257.25
619,agent,G7,127312.54
619,agent,G8,115393.21
619,agent,G9,402175.37
619,firm,F0,148658410.09
619,firm,F1,64866649.94
619,firm,F2,111317651.84
619,firm,F3,102959327.86
619,firm,F4,128839152.94
619,firm,F5,88081027.46
619,firm,F6,138713781.49
619,firm,F7,74509774.96
619,firm,F8,75050298.16
619,firm,F9,143289804.92
620,agent,G0,139752.08
620,agent,G1,413242.00
620,agent,G2,170597.30
620,agent,G3,156571.46
620,agent,G4,279828.70
620,agent,G5,374852.35
620,agent,G6,329257.25
620,agent,G7,113605.30
620,agent,G8,135755.24
620,agent,G9,363447.44
620,firm,F0,148660362.05
620,firm,F1,64866649.94
620,firm,F2,111317651.84
620,firm,F3,102959327.86
620,firm,F4,128839152.94
620,firm,F5,88081027.46
620,firm,F6,138713781.49
620,firm,F7,74542552.21
620,firm,F8,75050298.16
620,firm,F9,143289804.92
621,agent,G0,139752.08
621,agent,G1,413242.00
621,agent,G2,151863.54
621,agent,G3,159186.20
621,agent,G4,295214.41
621,agent,G5,374852.35
621,agent,G6,329257.25
621,agent,G7,113605.30
621,agent,G8,153312.43
621,agent,G9,353207.44
621,firm,F0,148660362.05
621,firm,F1,64866649.94
621,firm,F2,111317651.84
621,firm,F3,102959327.86
621,firm,F4,128853675.02
621,firm,F5,88081027.46
621,firm,F6,138717129.54
621,firm,F7,74542552.21
621,firm,F8,75050298.16
621,firm,F9,143289804.92
622,agent,G0,139752.08
622,agent,G1,430318.05
622,agent,G2,151863.54
622,agent,G3,159186.20
622,agent,G4,267015.80
622,agent,G5,333660.71
622,agent,G6,363036.09
622,agent,G7,113605.30
622,agent,G8,153312.43
622,agent,G9,353207.44
622,firm,F0,148660362.05
622,firm,F1,64866649.94
622,firm,F2,111317651.84
622,firm,F3,102966740.67
622,firm,F4,128853675.02
622,firm,F5,88081027.46
622,firm,F6,138717129.54
622,firm,F7,74542552.21
622,firm,F8,75050298.16
622,firm,F9,143368888.47
623,agent,G0,139752.08
623,agent,G1,430318.05
623,agent,G2,135419.25
623,agent,G3,159186.20
623,agent,G4,267015.80
623,agent,G5,341252.73
623,agent,G6,377761.09
623,agent,G7,113605.30
623,agent,G8,167240.84
623,agent,G9,325887.44
623,firm,F0,148662877.92
623,firm,F1,64866649.94
623,firm,F2,111317651.84
623,firm,F3,102966740.67
623,firm,F4,128880995.02
623,firm,F5,88086030.43
623,firm,F6,138717129.54
623,firm,F7,74542552.21
623,firm,F8,75050298.16
623,firm,F9,143368888.47
624,agent,G0,139752.08
624,agent,G1,430318.05
624,agent,G2,135419.25
624,agent,G3,159186.20
624,agent,G4,237833.22
624,agent,G5,365473.32
624,agent,G6,384865.29
624,agent,G7,130211.13
624,agent,G8,138714.84
624,agent,G9,325887.44
624,firm,F0,148662877.92
624,firm,F1,64866649.94
624,firm,F2,111317651.84
624,firm,F3,102971702.67
624,firm,F4,128909521.02
624,firm,F5,88086030.43
624,firm,F6,138717129.54
624,firm,F7,74542552.21
624,firm,F8,75050298.16
624,firm,F9,143373704.44
625,agent,G0,139752.08
625,agent,G1,430318.05
625,agent,G2,135419.25
625,agent,G3,159186.20
625,agent,G4,338788.31
625,agent,G5,325748.40
625,agent,G6,391787.71
625,agent,G7,123288.71
625,agent,G8,110188.84
625,agent,G9,325887.44
625,firm,F0,148662877.92
625,firm,F1,64866649.94
625,firm,F2,111332338.49
625,firm,F3,102971702.67
625,firm,F4,128909521.02
625,firm,F5,88086030.43
625,firm,F6,138723484.72
625,firm,F7,74571078.21
625,firm,F8,75050298.16
625,firm,F9,143373704.44
626,agent,G0,124636.49
626,agent,G1,402380.57
626,agent,G2,135419.25
626,agent,G3,159186.20
626,agent,G4,338788.31
626,agent,G5,325748.40
626,agent,G6,404622.54
626,agent,G7,128594.82
626,agent,G8,110188.84
626,agent,G9,331042.92
626,firm,F0,148662877.92
626,firm,F1,64889431.94
626,firm,F2,111332338.49
626,firm,F3,102972774.56
626,firm,F4,128909521.02
626,firm,F5,88086030.43
626,firm,F6,138723484.72
626,firm,F7,74573358.97
626,firm,F8,75050298.16
626,firm,F9,143373704.44
627,agent,G0,161773.98
627,agent,G1,402380.57
627,agent,G2,135419.25
627,agent,G3,159186.20
627,agent,G4,301988.74
627,agent,G5,325748.40
627,agent,G6,412514.04
627,agent,G7,92177.32
627,agent,G8,110188.84
627,agent,G9,362001.01
627,firm,F0,148662877.92
627,firm,F1,64889431.94
627,firm,F2,111332338.49
627,firm,F3,103001300.56
627,firm,F4,128909521.02
627,firm,F5,88086030.43
627,firm,F6,138723484.72
627,firm,F7,74579200.47
627,firm,F8,75050298.16
627,firm,F9,143382318.96
628,agent,G0,145878.09
628,agent,G1,402380.57
628,agent,G2,135419.25
628,agent,G3,174287.42
628,agent,G4,256236.74
628,agent,G5,325748.40
628,agent,G6,412514.04
628,agent,G7,92177.32
628,agent,G8,110188.84
628,agent,G9,373236.15
628,firm,F0,148662877.92
628,firm,F1,64892237.69
628,firm,F2,111378090.49
628,firm,F3,103001300.56
628,firm,F4,128909521.02
628,firm,F5,88086030.43
628,firm,F6,138723484.72
628,firm,F7,74579200.47
628,firm,F8,75052789.94
628,firm,F9,143382318.96
629,agent,G0,133208.09
629,agent,G1,409437.87
629,agent,G2,135419.25
629,agent,G3,174287.42
629,agent,G4,256236.74
629,agent,G5,325748.40
629,agent,G6,406107.99
629,agent,G7,92177.32
629,agent,G8,113619.82
629,agent,G9,373236.15
629,firm,F0,148662877.92
629,firm,F1,64892237.69
629,firm,F2,111378090.49
629,firm,F3,103001300.56
629,firm,F4,128909521.02
629,firm,F5,88088212.14
629,firm,F6,138723484.72
629,firm,F7,74579200.47
629,firm,F8,75059195.98
629,firm,F9,143394988.96
630,agent,G0,145622.94
630,agent,G1,409437.87
630,agent,G2,120750.26
630,agent,G3,174287.42
630,agent,G4,256236.74
630,agent,G5,325748.40
630,agent,G6,413371.60
630,agent,G7,74289.03
630,agent,G8,113619.82
630,agent,G9,373236.15
630,firm,F0,148665132.06
630,firm,F1,64892237.69
630,firm,F2,111410929.17
630,firm,F3,103001300.56
630,firm,F4,128909521.02
630,firm,F5,88088212.14
630,firm,F6,138723484.72
630,firm,F7,74579200.47
630,firm,F8,75059195.98
630,firm,F9,143394988.96
631,agent,G0,141314.94
631,agent,G1,413745.88
631,agent,G2,120750.26
631,agent,G3,210368.67
631,agent,G4,256236.74
631,agent,G5,325748.40
631,agent,G6,356394.44
631,agent,G7,74289.03
631,agent,G8,113619.82
631,agent,G9,373236.15
631,firm,F0,148665132.06
631,firm,F1,64892237.69
631,firm,F2,111410929.17
631,firm,F3,103001300.56
631,firm,F4,128909521.02
631,firm,F5,88088212.14
631,firm,F6,138739759.83
631,firm,F7,74587116.27
631,firm,F8,75059195.98
631,firm,F9,143394988.96
632,agent,G0,121828.92
632,agent,G1,410078.94
632,agent,G2,120750.26
632,agent,G3,210368.67
632,agent,G4,256236.74
632,agent,G5,325748.40
632,agent,G6,356394.44
632,agent,G7,74289.03
632,agent,G8,147670.06
632,agent,G9,373236.15
632,firm,F0,148665132.06
632,firm,F1,64907975.69
632,firm,F2,111410929.17
632,firm,F3,103001300.56
632,firm,F4,128924248.74
632,firm,F5,88088212.14
632,firm,F6,138739759.83
632,firm,F7,74587116.27
632,firm,F8,75059195.98
632,firm,F9,143394988.96
633,agent,G0,121828.92
633,agent,G1,399056.27
633,agent,G2,144529.86
633,agent,G3,210368.67
633,agent,G4,256236.74
633,agent,G5,325748.40
633,agent,G6,356394.44
633,agent,G7,74289.03
633,agent,G8,138105.49
633,agent,G9,373236.15
633,firm,F0,148665132.06
633,firm,F1,64907975.69
633,firm,F2,111418846.41
633,firm,F3,103001300.56
633,firm,F4,128936918.74
633,firm,F5,88088212.14
633,firm,F6,138739759.83
633,firm,F7,74587116.27
633,firm,F8,75064364.39
633,firm,F9,143394988.96
634,agent,G0,121828.92
634,agent,G1,399056.27
634,agent,G2,141667.77
634,agent,G3,210368.67
634,agent,G4,260776.70
634,agent,G5,331939.47
634,agent,G6,322883.37
634,agent,G7,74289.03
634,agent,G8,138105.49
634,agent,G9,373236.15
634,firm,F0,148665132.06
634,firm,F1,64907975.69
634,firm,F2,111419947.45
634,firm,F3,103004162.64
634,firm,F4,128936918.74
634,firm,F5,88115532.14
634,firm,F6,138739759.83
634,firm,F7,74587116.27
634,firm,F8,75064364.39
634,firm,F9,143394988.96
635,agent,G0,112573.30
635,agent,G1,382168.27
635,agent,G2,141667.77
635,agent,G3,205924.10
635,agent,G4,261531.68
635,agent,G5,331939.47
635,agent,G6,322883.37
635,agent,G7,85843.54
635,agent,G8,138105.49
635,agent,G9,373236.15
635,firm,F0,148665298.07
635,firm,F1,64907975.69
635,firm,F2,111419947.45
635,firm,F3,103004162.64
635,firm,F4,128939064.42
635,firm,F5,88132420.14
635,firm,F6,138739759.83
635,firm,F7,74587116.27
635,firm,F8,75064364.39
635,firm,F9,143394988.96
636,agent,G0,112573.30
636,agent,G1,405978.58
636,agent,G2,141667.77
636,agent,G3,183710.10
636,agent,G4,233035.66
636,agent,G5,374033.45
636,agent,G6,328624.78
636,agent,G7,80102.12
636,agent,G8,138105.49
636,agent,G9,373236.15
636,firm,F0,148687512.07
636,firm,F1,64907975.69
636,firm,F2,111419947.45
636,firm,F3,103004162.64
636,firm,F4,128939064.42
636,firm,F5,88132420.14
636,firm,F6,138749404.85
636,firm,F7,74587116.27
636,firm,F8,75069050.09
636,firm,F9,143394988.96
637,agent,G0,112573.30
637,agent,G1,405978.58
637,agent,G2,126332.16
637,agent,G3,183710.10
637,agent,G4,260083.67
637,agent,G5,308244.38
637,agent,G6,328624.78
637,agent,G7,80102.12
637,agent,G8,181467.71
637,agent,G9,373236.15
637,firm,F0,148687512.07
637,firm,F1,64907975.69
637,firm,F2,111419947.45
637,firm,F3,103004162.64
637,firm,F4,128941402.09
637,firm,F5,88143206.92
637,firm,F6,138801143.85
637,firm,F7,74587116.27
637,firm,F8,75069050.09
637,firm,F9,143394988.96
638,agent,G0,112573.30
638,agent,G1,436888.10
638,agent,G2,126332.16
638,agent,G3,183710.10
638,agent,G4,258830.37
638,agent,G5,308244.38
638,agent,G6,322625.37
638,agent,G7,81355.42
638,agent,G8,175826.71
638,agent,G9,373236.15
638,firm,F0,148687512.07
638,firm,F1,64919458.59
638,firm,F2,111419947.45
638,firm,F3,103004162.64
638,firm,F4,128941402.09
638,firm,F5,88148847.92
638,firm,F6,138801143.85
638,firm,F7,74587116.27
638,firm,F8,75069050.09
638,firm,F9,143394988.96
639,agent,G0,112573.30
639,agent,G1,464812.48
639,agent,G2,119765.49
639,agent,G3,183710.10
639,agent,G4,236449.04
639,agent,G5,274519.88
639,agent,G6,322625.37
639,agent,G7,81355.42
639,agent,G8,175826.71
639,agent,G9,376461.84
639,firm,F0,148687512.07
639,firm,F1,64920191.89
639,firm,F2,111454695.57
639,firm,F3,103004162.64
639,firm,F4,128941402.09
639,firm,F5,88148847.92
639,firm,F6,138801143.85
639,firm,F7,74587116.27
639,firm,F8,75069050.09
639,firm,F9,143394988.96
640,agent,G0,112573.30
640,agent,G1,438335.48
640,agent,G2,119765.49
640,agent,G3,199524.89
640,agent,G4,242370.55
640,agent,G5,244902.49
640,agent,G6,322625.37
640,agent,G7,81355.42
640,agent,G8,201113.30
640,agent,G9,376461.84
640,firm,F0,148687512.07
640,firm,F1,64946668.89
640,firm,F2,111454695.57
640,firm,F3,103004162.64
640,firm,F4,128941402.09
640,firm,F5,88153588.63
640,firm,F6,138801143.85
640,firm,F7,74591447.07
640,firm,F8,75069050.09
640,firm,F9,143394988.96
641,agent,G0,117354.36
641,agent,G1,438335.48
641,agent,G2,119765.49
641,agent,G3,199524.89
641,agent,G4,242370.55
641,agent,G5,250666.83
641,agent,G6,322625.37
641,agent,G7,81355.42
641,agent,G8,201113.30
641,agent,G9,358764.84
641,firm,F0,148687512.07
641,firm,F1,64964365.89
641,firm,F2,111454695.57
641,firm,F3,103004162.64
641,firm,F4,128941402.09
641,firm,F5,88157957.90
641,firm,F6,138801143.85
641,firm,F7,74591447.07
641,firm,F8,75071832.42
641,firm,F9,143394988.96
642,agent,G0,139589.33
642,agent,G1,438335.48
642,agent,G2,119765.49
642,agent,G3,214931.31
642,agent,G4,216131.41
642,agent,G5,250666.83
642,agent,G6,328209.41
642,agent,G7,53557.38
642,agent,G8,201113.30
642,agent,G9,358764.84
642,firm,F0,148687512.07
642,firm,F1,64964365.89
642,firm,F2,111476909.57
642,firm,F3,103004162.64
642,firm,F4,128941402.09
642,firm,F5,88157957.90
642,firm,F6,138801143.85
642,firm,F7,74594453.65
642,firm,F8,75071832.42
642,firm,F9,143398993.13
643,agent,G0,157820.51
643,agent,G1,438335.48
643,agent,G2,119765.49
643,agent,G3,214931.31
643,agent,G4,215909.88
643,agent,G5,250666.83
643,agent,G6,328209.41
643,agent,G7,53557.38
643,agent,G8,179299.04
643,agent,G9,384002.17
643,firm,F0,148694378.74
643,firm,F1,64964365.89
643,firm,F2,111476909.57
643,firm,F3,103004162.64
643,firm,F4,128941402.09
643,firm,F5,88157957.90
643,firm,F6,138804948.45
643,firm,F7,74594453.65
643,firm,F8,75071832.42
643,firm,F9,143398993.13
644,agent,G0,157820.51
644,agent,G1,390162.82
644,agent,G2,119765.49
644,agent,G3,218106.05
644,agent,G4,215909.88
644,agent,G5,290161.27
644,agent,G6,322773.71
644,agent,G7,53557.38
644,agent,G8,179299.04
644,agent,G9,384002.17
644,firm,F0,148694378.74
644,firm,F1,64964365.89
644,firm,F2,111476909.57
644,firm,F3,103004162.64
644,firm,F4,128950080.31
644,firm,F5,88157957.90
644,firm,F6,138804948.45
644,firm,F7,74594453.65
644,firm,F8,75071832.42
644,firm,F9,143414113.09
645,agent,G0,157820.51
645,agent,G1,390162.82
645,agent,G2,119765.49
645,agent,G3,254437.90
645,agent,G4,145492.88
645,agent,G5,332381.82
645,agent,G6,322773.71
645,agent,G7,53557.38
645,agent,G8,179299.04
645,agent,G9,357301.17
645,firm,F0,148764795.74
645,firm,F1,64964365.89
645,firm,F2,111476909.57
645,firm,F3,103015149.61
645,firm,F4,128957658.94
645,firm,F5,88157957.90
645,firm,F6,138804948.45
645,firm,F7,74594453.65
645,firm,F8,75071832.42
645,firm,F9,143414113.09
646,agent,G0,157820.51
646,agent,G1,390162.82
646,agent,G2,111676.72
646,agent,G3,254437.90
646,agent,G4,153581.66
646,agent,G5,303433.82
646,agent,G6,322773.71
646,agent,G7,53557.38
646,agent,G8,213386.02
646,agent,G9,329501.05
646,firm,F0,148770475.30
646,firm,F1,64964365.89
646,firm,F2,111476909.57
646,firm,F3,103046422.20
646,firm,F4,128957658.94
646,firm,F5,88157957.90
646,firm,F6,138804948.45
646,firm,F7,74594453.65
646,firm,F8,75071832.42
646,firm,F9,143414113.09
647,agent,G0,161860.84
647,agent,G1,390162.82
647,agent,G2,111676.72
647,agent,G3,254437.90
647,agent,G4,153581.66
647,agent,G5,266794.65
647,agent,G6,350053.57
647,agent,G7,53557.38
647,agent,G8,227590.73
647,agent,G9,329501.05
647,firm,F0,148770475.30
647,firm,F1,64964365.89
647,firm,F2,111476909.57
647,firm,F3,103051741.19
647,firm,F4,128957658.94
647,firm,F5,88157957.90
647,firm,F6,138829721.74
647,firm,F7,74594453.65
647,firm,F8,75071832.42
647,firm,F9,143414113.09
648,agent,G0,161860.84
648,agent,G1,390162.82
648,agent,G2,104280.89
648,agent,G3,254437.90
648,agent,G4,143351.33
648,agent,G5,266794.65
648,agent,G6,350053.57
648,agent,G7,53557.38
648,agent,G8,244210.75
648,agent,G9,329501.05
648,firm,F0,148770475.30
648,firm,F1,64964365.89
648,firm,F2,111476909.57
648,firm,F3,103051741.19
648,firm,F4,128993708.27
648,firm,F5,88157957.90
648,firm,F6,138829721.74
648,firm,F7,74597510.45
648,firm,F8,75071832.42
648,firm,F9,143414113.09
649,agent,G0,184978.09
649,agent,G1,390162.82
649,agent,G2,108234.86
649,agent,G3,226667.57
649,agent,G4,143351.33
649,agent,G5,266794.65
649,agent,G6,350053.57
649,agent,G7,66667.89
649,agent,G8,244210.75
649,agent,G9,311256.08
649,firm,F0,148770475.30
649,firm,F1,64964365.89
649,firm,F2,111476909.57
649,firm,F3,103066032.19
649,firm,F4,128993708.27
649,firm,F5,88162610.97
649,firm,F6,138829721.74
649,firm,F7,74597510.45
649,firm,F8,75071832.42
649,firm,F9,143417076.58
650,agent,G0,184978.09
650,agent,G1,390162.82
650,agent,G2,132124.73
650,agent,G3,226667.57
650,agent,G4,143351.33
650,agent,G5,234472.79
650,agent,G6,350053.57
650,agent,G7,67652.95
650,agent,G8,246115.16
650,agent,G9,311256.08
650,firm,F0,148770475.30
650,firm,F1,64964365.89
650,firm,F2,111476909.57
650,firm,F3,103066032.19
650,firm,F4,128998574.26
650,firm,F5,88162610.97
650,firm,F6,138830398.27
650,firm,F7,74597510.45
650,firm,F8,75075398.42
650,firm,F9,143417076.58
651,agent,G0,184978.09
651,agent,G1,390162.82
651,agent,G2,121114.03
651,agent,G3,226667.57
651,agent,G4,143351.33
651,agent,G5,234472.79
651,agent,G6,350053.57
651,agent,G7,74294.44
651,agent,G8,246115.16
651,agent,G9,311256.08
651,firm,F0,148770475.30
651,firm,F1,64966645.80
651,firm,F2,111476909.57
651,firm,F3,103066032.19
651,firm,F4,128998574.26
651,firm,F5,88162610.97
651,firm,F6,138830398.27
651,firm,F7,74597510.45
651,firm,F8,75088901.73
651,firm,F9,143417076.58
652,agent,G0,184978.09
652,agent,G1,389575.15
652,agent,G2,121114.03
652,agent,G3,203499.77
652,agent,G4,143351.33
652,agent,G5,234472.79
652,agent,G6,350053.57
652,agent,G7,74294.44
652,agent,G8,246115.16
652,agent,G9,311256.08
652,firm,F0,148770475.30
652,firm,F1,64966645.80
652,firm,F2,111476909.57
652,firm,F3,103073167.55
652,firm,F4,128998574.26
652,firm,F5,88162610.97
652,firm,F6,138830788.39
652,firm,F7,74615923.45
652,firm,F8,75088901.73
652,firm,F9,143417076.58
653,agent,G0,184978.09
653,agent,G1,389575.15
653,agent,G2,121114.03
653,agent,G3,203499.77
653,agent,G4,143351.33
653,agent,G5,231519.61
653,agent,G6,350053.57
653,agent,G7,73926.94
653,agent,G8,245170.05
653,agent,G9,311256.08
653,firm,F0,148770475.30
653,firm,F1,64966645.80
653,firm,F2,111476909.57
653,firm,F3,103073167.55
653,firm,F4,128998574.26
653,firm,F5,88162610.97
653,firm,F6,138830788.39
653,firm,F7,74617236.05
653,firm,F8,75088901.73
653,firm,F9,143420780.76
654,agent,G0,184978.09
654,agent,G1,389575.15
654,agent,G2,131532.12
654,agent,G3,203499.77
654,agent,G4,147894.11
654,agent,G5,231519.61
654,agent,G6,350053.57
654,agent,G7,55272.61
654,agent,G8,245170.05
654,agent,G9,311256.08
654,firm,F0,148770475.30
654,firm,F1,64966645.80
654,firm,F2,111476909.57
654,firm,F3,103074019.89
654,firm,F4,128998574.26
654,firm,F5,88162610.97
654,firm,F6,138830788.39
654,firm,F7,74617236.05
654,firm,F8,75088901.73
654,firm,F9,143441423.89
655,agent,G0,184978.09
655,agent,G1,389575.15
655,agent,G2,153564.64
655,agent,G3,181474.09
655,agent,G4,151968.66
655,agent,G5,250193.88
655,agent,G6,350053.57
655,agent,G7,37470.61
655,agent,G8,245170.05
655,agent,G9,311256.08
655,firm,F0,148770475.30
655,firm,F1,64966645.80
655,firm,F2,111476909.57
655,firm,F3,103074019.89
655,firm,F4,128998574.26
655,firm,F5,88167420.91
655,firm,F6,138830788.39
655,firm,F7,74617236.05
655,firm,F8,75110055.12
655,firm,F9,143441423.89
656,agent,G0,184978.09
656,agent,G1,347594.42
656,agent,G2,127087.64
656,agent,G3,174152.46
656,agent,G4,159290.29
656,agent,G5,250193.88
656,agent,G6,350053.57
656,agent,G7,37470.61
656,agent,G8,281104.36
656,agent,G9,311693.93
656,firm,F0,148770475.30
656,firm,F1,64966645.80
656,firm,F2,111476909.57
656,firm,F3,103074019.89
656,firm,F4,128998667.41
656,firm,F5,88193897.91
656,firm,F6,138836834.80
656,firm,F7,74617236.05
656,firm,F8,75110055.12
656,firm,F9,143441423.89
657,agent,G0,184978.09
657,agent,G1,329792.42
657,agent,G2,109018.22
657,agent,G3,174152.46
657,agent,G4,163960.47
657,agent,G5,250193.88
657,agent,G6,350053.57
657,agent,G7,47691.60
657,agent,G8,281104.36
657,agent,G9,322778.18
657,firm,F0,148772790.30
657,firm,F1,64966645.80
657,firm,F2,111476909.57
657,firm,F3,103074019.89
657,firm,F4,129000793.42
657,firm,F5,88193897.91
657,firm,F6,138854636.80
657,firm,F7,74617236.05
657,firm,F8,75110055.12
657,firm,F9,143441423.89
658,agent,G0,165073.99
658,agent,G1,329792.42
658,agent,G2,109018.22
658,agent,G3,174152.46
658,agent,G4,163960.47
658,agent,G5,253408.47
658,agent,G6,350053.57
658,agent,G7,32130.02
658,agent,G8,298195.88
658,agent,G9,326536.77
658,firm,F0,148773580.71
658,firm,F1,64966645.80
658,firm,F2,111476909.57
658,firm,F3,103074019.89
658,firm,F4,129013140.42
658,firm,F5,88196710.50
658,firm,F6,138854636.80
658,firm,F7,74617236.05
658,firm,F8,75110055.12
658,firm,F9,143441423.89
659,agent,G0,165073.99
659,agent,G1,293739.51
659,agent,G2,134857.73
659,agent,G3,156350.46
659,agent,G4,168026.52
659,agent,G5,253408.47
659,agent,G6,350053.57
659,agent,G7,34429.88
659,agent,G8,298195.88
659,agent,G9,326536.77
659,firm,F0,148773580.71
659,firm,F1,64966645.80
659,firm,F2,111476909.57
659,firm,F3,103074019.89
659,firm,F4,129013140.42
659,firm,F5,88220659.85
659,firm,F6,138855158.94
659,firm,F7,74617236.05
659,firm,F8,75110055.12
659,firm,F9,143441423.89
660,agent,G0,146939.84
660,agent,G1,293739.51
660,agent,G2,131291.73
660,agent,G3,194974.86
660,agent,G4,182907.17
660,agent,G5,253408.47
660,agent,G6,350053.57
660,agent,G7,35224.34
660,agent,G8,297401.42
660,agent,G9,326536.77
660,firm,F0,148773580.71
660,firm,F1,64966645.80
660,firm,F2,111476909.57
660,firm,F3,103074019.89
660,firm,F4,129013140.42
660,firm,F5,88220659.85
660,firm,F6,138855158.94
660,firm,F7,74617236.05
660,firm,F8,75122228.22
660,firm,F9,143444989.89
661,agent,G0,146939.84
661,agent,G1,323497.08
661,agent,G2,131291.73
661,agent,G3,183626.55
661,agent,G4,186988.11
661,agent,G5,253408.47
661,agent,G6,350053.57
661,agent,G7,35224.34
661,agent,G8,261205.73
661,agent,G9,290986.98
661,firm,F0,148773580.71
661,firm,F1,64966645.80
661,firm,F2,111476909.57
661,firm,F3,103074019.89
661,firm,F4,129013140.42
661,firm,F5,88220659.85
661,firm,F6,138903592.01
661,firm,F7,74617236.05
661,firm,F8,75128020.43
661,firm,F9,143444989.89
662,agent,G0,179162.27
662,agent,G1,323497.08
662,agent,G2,131291.73
662,agent,G3,183626.55
662,agent,G4,186988.11
662,agent,G5,253408.47
662,agent,G6,312265.28
662,agent,G7,35224.34
662,agent,G8,262421.39
662,agent,G9,302737.08
662,firm,F0,148773580.71
662,firm,F1,64966645.80
662,firm,F2,111476909.57
662,firm,F3,103074019.89
662,firm,F4,129021393.67
662,firm,F5,88220659.85
662,firm,F6,138903592.01
662,firm,F7,74617236.05
662,firm,F8,75133586.29
662,firm,F9,143444989.89
663,agent,G0,184827.54
663,agent,G1,323497.08
663,agent,G2,131291.73
663,agent,G3,163476.82
663,agent,G4,186988.11
663,agent,G5,253408.47
663,agent,G6,312265.28
663,agent,G7,51799.91
663,agent,G8,262554.23
663,agent,G9,302073.24
663,firm,F0,148777154.87
663,firm,F1,64966645.80
663,firm,F2,111476909.57
663,firm,F3,103074019.89
663,firm,F4,129021924.67
663,firm,F5,88220659.85
663,firm,F6,138903592.01
663,firm,F7,74617236.05
663,firm,F8,75134821.02
663,firm,F9,143444989.89
664,agent,G0,208920.34
664,agent,G1,323497.08
664,agent,G2,131291.73
664,agent,G3,163476.82
664,agent,G4,184915.68
664,agent,G5,254700.56
664,agent,G6,312265.28
664,agent,G7,51799.91
664,agent,G8,234136.18
664,agent,G9,302073.24
664,firm,F0,148781480.11
664,firm,F1,64966645.80
664,firm,F2,111476909.57
664,firm,F3,103074019.89
664,firm,F4,129021924.67
664,firm,F5,88226393.19
664,firm,F6,138903592.01
664,firm,F7,74617236.05
664,firm,F8,75134821.02
664,firm,F9,143444989.89
665,agent,G0,208920.34
665,agent,G1,323497.08
665,agent,G2,159654.73
665,agent,G3,163476.82
665,agent,G4,184915.68
665,agent,G5,254700.56
665,agent,G6,278175.23
665,agent,G7,47813.51
665,agent,G8,235339.45
665,agent,G9,300869.97
665,firm,F0,148781480.11
665,firm,F1,64966645.80
665,firm,F2,111477038.97
665,firm,F3,103074019.89
665,firm,F4,129021924.67
665,firm,F5,88226393.19
665,firm,F6,138908141.01
665,firm,F7,74617236.05
665,firm,F8,75140548.07
665,firm,F9,143444989.89
666,agent,G0,200285.09
666,agent,G1,323497.08
666,agent,G2,178345.18
666,agent,G3,163476.82
666,agent,G4,164887.75
666,agent,G5,254700.56
666,agent,G6,278175.23
666,agent,G7,47813.51
666,agent,G8,254302.46
666,agent,G9,300869.97
666,firm,F0,148781480.11
666,firm,F1,64969718.53
666,firm,F2,111477038.97
666,firm,F3,103074019.89
666,firm,F4,129021924.67
666,firm,F5,88230794.18
666,firm,F6,138908141.01
666,firm,F7,74617236.05
666,firm,F8,75147448.07
666,firm,F9,143444989.89
667,agent,G0,200285.09
667,agent,G1,334794.05
667,agent,G2,178345.18
667,agent,G3,150716.73
667,agent,G4,164887.75
667,agent,G5,254700.56
667,agent,G6,278175.23
667,agent,G7,47813.51
667,agent,G8,238160.57
667,agent,G9,277836.50
667,firm,F0,148829024.11
667,firm,F1,64969718.53
667,firm,F2,111479696.00
667,firm,F3,103074019.89
667,firm,F4,129021924.67
667,firm,F5,88235185.63
667,firm,F6,138908141.01
667,firm,F7,74617236.05
667,firm,F8,75147448.07
667,firm,F9,143444989.89
668,agent,G0,200285.09
668,agent,G1,334794.05
668,agent,G2,158848.57
668,agent,G3,150716.73
668,agent,G4,158535.27
668,agent,G5,256083.04
668,agent,G6,294347.65
668,agent,G7,47813.51
668,agent,G8,247457.12
668,agent,G9,277836.50
668,firm,F0,148829024.11
668,firm,F1,64975033.16
668,firm,F2,111479696.00
668,firm,F3,103074019.89
668,firm,F4,129021924.67
668,firm,F5,88235185.63
668,firm,F6,138913111.01
668,firm,F7,74617236.05
668,firm,F8,75147448.07
668,firm,F9,143444989.89
669,agent,G0,200285.09
669,agent,G1,338212.42
669,agent,G2,158848.57
669,agent,G3,150716.73
669,agent,G4,158535.27
669,agent,G5,282618.88
669,agent,G6,262013.96
669,agent,G7,42135.33
669,agent,G8,247457.12
669,agent,G9,277836.50
669,firm,F0,148829024.11
669,firm,F1,64975033.16
669,firm,F2,111479696.00
669,firm,F3,103090298.70
669,firm,F4,129021924.67
669,firm,F5,88240983.48
669,firm,F6,138913111.01
669,firm,F7,74617236.05
669,firm,F8,75147448.07
669,firm,F9,143444989.89
670,agent,G0,200285.09
670,agent,G1,360032.87
670,agent,G2,158848.57
670,agent,G3,150716.73
670,agent,G4,161942.28
670,agent,G5,282618.88
670,agent,G6,262013.96
670,agent,G7,42135.33
670,agent,G8,247457.12
670,agent,G9,247360.09
670,firm,F0,148829024.11
670,firm,F1,64975033.16
670,firm,F2,111479696.00
670,firm,F3,103090298.70
670,firm,F4,129021924.67
670,firm,F5,88240983.48
670,firm,F6,138918496.54
670,firm,F7,74617236.05
670,firm,F8,75147448.07
670,firm,F9,143462450.31
671,agent,G0,200953.57
671,agent,G1,348745.87
671,agent,G2,161768.35
671,agent,G3,150716.73
671,agent,G4,184000.50
671,agent,G5,282618.88
671,agent,G6,262013.96
671,agent,G7,42135.33
671,agent,G8,217688.10
671,agent,G9,247360.09
671,firm,F0,148829024.11
671,firm,F1,64975033.16
671,firm,F2,111490983.00
671,firm,F3,103090434.22
671,firm,F4,129021924.67
671,firm,F5,88240983.48
671,firm,F6,138918496.54
671,firm,F7,74617236.05
671,firm,F8,75147448.07
671,firm,F9,143467241.34
672,agent,G0,200953.57
672,agent,G1,348745.87
672,agent,G2,182954.68
672,agent,G3,138602.31
672,agent,G4,148177.77
672,agent,G5,282618.88
672,agent,G6,262013.96
672,agent,G7,42135.33
672,agent,G8,205028.34
672,agent,G9,247360.09
672,firm,F0,148879376.84
672,firm,F1,64975033.16
672,firm,F2,111490983.00
672,firm,F3,103090434.22
672,firm,F4,129021924.67
672,firm,F5,88240983.48
672,firm,F6,138918496.54
672,firm,F7,74617236.05
672,firm,F8,75147448.07
672,firm,F9,143470829.18
673,agent,G0,189666.57
673,agent,G1,403657.63
673,agent,G2,185838.15
673,agent,G3,138602.31
673,agent,G4,148177.77
673,agent,G5,282618.88
673,agent,G6,262013.96
673,agent,G7,42135.33
673,agent,G8,179919.49
673,agent,G9,247360.09
673,firm,F0,148879376.84
673,firm,F1,64975033.16
673,firm,F2,111490983.00
673,firm,F3,103101721.22
673,firm,F4,129021924.67
673,firm,F5,88240983.48
673,firm,F6,138926416.37
673,firm,F7,74621257.82
673,firm,F8,75147448.07
673,firm,F9,143470829.18
674,agent,G0,189666.57
674,agent,G1,408236.83
674,agent,G2,188895.94
674,agent,G3,138602.31
674,agent,G4,174257.59
674,agent,G5,252174.92
674,agent,G6,262013.96
674,agent,G7,30848.33
674,agent,G8,176861.70
674,agent,G9,247360.09
674,firm,F0,148883740.98
674,firm,F1,64975033.16
674,firm,F2,111502270.00
674,firm,F3,103101721.22
674,firm,F4,129021924.67
674,firm,F5,88240983.48
674,firm,F6,138927487.18
674,firm,F7,74621257.82
674,firm,F8,75147448.07
674,firm,F9,143470829.18
675,agent,G0,185940.52
675,agent,G1,395781.63
675,agent,G2,188895.94
675,agent,G3,138602.31
675,agent,G4,174257.59
675,agent,G5,258141.66
675,agent,G6,274469.16
675,agent,G7,30848.33
675,agent,G8,132233.70
675,agent,G9,247360.09
675,firm,F0,148883740.98
675,firm,F1,65019661.16
675,firm,F2,111502270.00
675,firm,F3,103101721.22
675,firm,F4,129021924.67
675,firm,F5,88242130.74
675,firm,F6,138927487.18
675,firm,F7,74621257.82
675,firm,F8,75151174.13
675,firm,F9,143470829.18
676,agent,G0,185940.52
676,agent,G1,395781.63
676,agent,G2,168401.29
676,agent,G3,119972.08
676,agent,G4,174257.59
676,agent,G5,272831.17
676,agent,G6,274469.16
676,agent,G7,30848.33
676,agent,G8,132233.70
676,agent,G9,264644.62
676,firm,F0,148890891.82
676,firm,F1,65019661.16
676,firm,F2,111502270.00
676,firm,F3,103101721.22
676,firm,F4,129021924.67
676,firm,F5,88242130.74
676,firm,F6,138927487.18
676,firm,F7,74621257.82
676,firm,F8,75175934.13
676,firm,F9,143470829.18
677,agent,G0,185940.52
677,agent,G1,394450.13
677,agent,G2,168401.29
677,agent,G3,119972.08
677,agent,G4,175589.09
677,agent,G5,242907.46
677,agent,G6,274469.16
677,agent,G7,32241.28
677,agent,G8,126583.70
677,agent,G9,289287.15
677,firm,F0,148890891.82
677,firm,F1,65019661.16
677,firm,F2,111502270.00
677,firm,F3,103101721.22
677,firm,F4,129021924.67
677,firm,F5,88247780.74
677,firm,F6,138927487.18
677,firm,F7,74621257.82
677,firm,F8,75181215.31
677,firm,F9,143471106.24
678,agent,G0,185940.52
678,agent,G1,394450.13
678,agent,G2,168401.29
678,agent,G3,106859.30
678,agent,G4,186848.09
678,agent,G5,242907.46
678,agent,G6,274469.16
678,agent,G7,31602.37
678,agent,G8,126583.70
678,agent,G9,289287.15
678,firm,F0,148890891.82
678,firm,F1,65019661.16
678,firm,F2,111502270.00
678,firm,F3,103101982.76
678,firm,F4,129024155.82
678,firm,F5,88247780.74
678,firm,F6,138927487.18
678,firm,F7,74621257.82
678,firm,F8,75181215.31
678,firm,F9,143472557.24
679,agent,G0,207299.09
679,agent,G1,394450.13
679,agent,G2,168401.29
679,agent,G3,112832.90
679,agent,G4,186848.09
679,agent,G5,210905.67
679,agent,G6,274469.16
679,agent,G7,14212.91
679,agent,G8,126583.70
679,agent,G9,289287.15
679,firm,F0,148890891.82
679,firm,F1,65020968.62
679,firm,F2,111502270.00
679,firm,F3,103126742.76
679,firm,F4,129028825.44
679,firm,F5,88247780.74
679,firm,F6,138927487.18
679,firm,F7,74621257.82
679,firm,F8,75181215.31
679,firm,F9,143472557.24
680,agent,G0,207299.09
680,agent,G1,384301.35
680,agent,G2,168401.29
680,agent,G3,100548.48
680,agent,G4,186848.09
680,agent,G5,166277.67
680,agent,G6,284617.94
680,agent,G7,24495.07
680,agent,G8,126583.70
680,agent,G9,312547.06
680,firm,F0,148935519.82
680,firm,F1,65020968.62
680,firm,F2,111502270.00
680,firm,F3,103126742.76
680,firm,F4,129028825.44
680,firm,F5,88247780.74
680,firm,F6,138927487.18
680,firm,F7,74623260.08
680,firm,F8,75181215.31
680,firm,F9,143476763.33
681,agent,G0,207299.09
681,agent,G1,384301.35
681,agent,G2,173460.02
681,agent,G3,100548.48
681,agent,G4,186848.09
681,agent,G5,166277.67
681,agent,G6,284617.94
681,agent,G7,24495.07
681,agent,G8,112933.62
681,agent,G9,305868.01
681,firm,F0,148935519.82
681,firm,F1,65022952.04
681,firm,F2,111502270.00
681,firm,F3,103157665.72
681,firm,F4,129028825.44
681,firm,F5,88247780.74
681,firm,F6,138927487.18
681,firm,F7,74623260.08
681,firm,F8,75181215.31
681,firm,F9,143476763.33
682,agent,G0,207299.09
682,agent,G1,385136.48
682,agent,G2,173460.02
682,agent,G3,100548.48
682,agent,G4,186848.09
682,agent,G5,166277.67
682,agent,G6,296721.79
682,agent,G7,7647.39
682,agent,G8,112933.62
682,agent,G9,272474.73
682,firm,F0,148935519.82
682,firm,F1,65073193.00
682,firm,F2,111502270.00
682,firm,F3,103157665.72
682,firm,F4,129028825.44
682,firm,F5,88247780.74
682,firm,F6,138930524.21
682,firm,F7,74623260.08
682,firm,F8,75181215.31
682,firm,F9,143476763.33
683,agent,G0,224514.51
683,agent,G1,385768.73
683,agent,G2,173460.02
683,agent,G3,100548.48
683,agent,G4,166693.89
683,agent,G5,121649.67
683,agent,G6,308184.86
683,agent,G7,7647.39
683,agent,G8,112933.62
683,agent,G9,272474.73
683,firm,F0,148935519.82
683,firm,F1,65073193.00
683,firm,F2,111502270.00
683,firm,F3,103157665.72
683,firm,F4,129031609.12
683,firm,F5,88292408.74
683,firm,F6,138930524.21
683,firm,F7,74626198.86
683,firm,F8,75181215.31
683,firm,F9,143476763.33
684,agent,G0,224514.51
684,agent,G1,333654.28
684,agent,G2,173460.02
684,agent,G3,100548.48
684,agent,G4,166693.89
684,agent,G5,106737.80
684,agent,G6,319362.19
684,agent,G7,41628.55
684,agent,G8,112933.62
684,agent,G9,272474.73
684,firm,F0,148935519.82
684,firm,F1,65073193.00
684,firm,F2,111559669.82
684,firm,F3,103157665.72
684,firm,F4,129031609.12
684,firm,F5,88292408.74
684,firm,F6,138930524.21
684,firm,F7,74626198.86
684,firm,F8,75181215.31
684,firm,F9,143476763.33
685,agent,G0,224514.51
685,agent,G1,315218.55
685,agent,G2,173460.02
685,agent,G3,100548.48
685,agent,G4,170250.62
685,agent,G5,136201.16
685,agent,G6,284953.11
685,agent,G7,45225.35
685,agent,G8,112933.62
685,agent,G9,272474.73
685,firm,F0,148935519.82
685,firm,F1,65073193.00
685,firm,F2,111564615.55
685,firm,F3,103157665.72
685,firm,F4,129031609.12
685,firm,F5,88292408.74
685,firm,F6,138945403.21
685,firm,F7,74627079.07
685,firm,F8,75181215.31
685,firm,F9,143476763.33
686,agent,G0,224514.51
686,agent,G1,316969.92
686,agent,G2,170677.43
686,agent,G3,100548.48
686,agent,G4,170250.62
686,agent,G5,136201.16
686,agent,G6,284953.11
686,agent,G7,39567.06
686,agent,G8,112933.62
686,agent,G9,273656.02
686,firm,F0,148935519.82
686,firm,F1,65073193.00
686,firm,F2,111564615.55
686,firm,F3,103157665.72
686,firm,F4,129031609.12
686,firm,F5,88292408.74
686,firm,F6,138945403.21
686,firm,F7,74634707.29
686,firm,F8,75181215.31
686,firm,F9,143476763.33
687,agent,G0,224514.51
687,agent,G1,313538.19
687,agent,G2,186015.77
687,agent,G3,100548.48
687,agent,G4,151538.83
687,agent,G5,136201.16
687,agent,G6,284953.11
687,agent,G7,41570.77
687,agent,G8,112933.62
687,agent,G9,273656.02
687,firm,F0,148935519.82
687,firm,F1,65082089.02
687,firm,F2,111564615.55
687,firm,F3,103157665.72
687,firm,F4,129031609.12
687,firm,F5,88292408.74
687,firm,F6,138945403.21
687,firm,F7,74638080.73
687,firm,F8,75181215.31
687,firm,F9,143476763.33
688,agent,G0,224514.51
688,agent,G1,295107.24
688,agent,G2,186015.77
688,agent,G3,100548.48
688,agent,G4,155090.78
688,agent,G5,121374.90
688,agent,G6,284953.11
688,agent,G7,41570.77
688,agent,G8,146374.77
688,agent,G9,273656.02
688,firm,F0,148935519.82
688,firm,F1,65082089.02
688,firm,F2,111564615.55
688,firm,F3,103157665.72
688,firm,F4,129038984.23
688,firm,F5,88292408.74
688,firm,F6,138960282.21
688,firm,F7,74638080.73
688,firm,F8,75181215.31
688,firm,F9,143476763.33
689,agent,G0,235273.76
689,agent,G1,267641.24
689,agent,G2,204811.16
689,agent,G3,100548.48
689,agent,G4,155090.78
689,agent,G5,108239.91
689,agent,G6,284953.11
689,agent,G7,41570.77
689,agent,G8,146374.77
689,agent,G9,266000.62
689,firm,F0,148935519.82
689,firm,F1,65082089.02
689,firm,F2,111564615.55
689,firm,F3,103157665.72
689,firm,F4,129068445.22
689,firm,F5,88292408.74
689,firm,F6,138960282.21
689,firm,F7,74638080.73
689,firm,F8,75181215.31
689,firm,F9,143479097.08
690,agent,G0,195594.19
690,agent,G1,263963.83
690,agent,G2,224967.14
690,agent,G3,123222.12
690,agent,G4,155090.78
690,agent,G5,108239.91
690,agent,G6,284953.11
690,agent,G7,41570.77
690,agent,G8,146374.77
690,agent,G9,266000.62
690,firm,F0,148935519.82
690,firm,F1,65085636.61
690,firm,F2,111568915.31
690,firm,F3,103157665.72
690,firm,F4,129068445.22
690,firm,F5,88292408.74
690,firm,F6,138960282.21
690,firm,F7,74638080.73
690,firm,F8,75181215.31
690,firm,F9,143495073.08
691,agent,G0,195594.19
691,agent,G1,284293.82
691,agent,G2,215524.72
691,agent,G3,127295.04
691,agent,G4,155090.78
691,agent,G5,108239.91
691,agent,G6,284953.11
691,agent,G7,41570.77
691,agent,G8,146374.77
691,agent,G9,237203.41
691,firm,F0,148935519.82
691,firm,F1,65085636.61
691,firm,F2,111568915.31
691,firm,F3,103157665.72
691,firm,F4,129068445.22
691,firm,F5,88296803.05
691,firm,F6,138960282.21
691,firm,F7,74638080.73
691,firm,F8,75181215.31
691,firm,F9,143512305.51
692,agent,G0,191954.89
692,agent,G1,284293.82
692,agent,G2,222607.85
692,agent,G3,127295.04
692,agent,G4,155090.78
692,agent,G5,108239.91
692,agent,G6,284953.11
692,agent,G7,41570.77
692,agent,G8,113301.64
692,agent,G9,249934.17
692,firm,F0,148935519.82
692,firm,F1,65085636.61
692,firm,F2,111572554.61
692,firm,F3,103157665.72
692,firm,F4,129094435.22
692,firm,F5,88296803.05
692,firm,F6,138960282.21
692,firm,F7,74638080.73
692,firm,F8,75181215.31
692,firm,F9,143514852.75
693,agent,G0,191954.89
693,agent,G1,264333.74
693,agent,G2,222607.85
693,agent,G3,131279.13
693,agent,G4,155090.78
693,agent,G5,130189.76
693,agent,G6,284953.11
693,agent,G7,51848.76
693,agent,G8,100919.30
693,agent,G9,249934.17
693,firm,F0,148935519.82
693,firm,F1,65085636.61
693,firm,F2,111572554.61
693,firm,F3,103157665.72
693,firm,F4,129096539.56
693,firm,F5,88296803.05
693,firm,F6,138960282.21
693,firm,F7,74658424.88
693,firm,F8,75181215.31
693,firm,F9,143514852.75
694,agent,G0,191954.89
694,agent,G1,264729.89
694,agent,G2,222607.85
694,agent,G3,133322.13
694,agent,G4,155090.78
694,agent,G5,130189.76
694,agent,G6,284953.11
694,agent,G7,51848.76
694,agent,G8,94716.26
694,agent,G9,249934.17
694,firm,F0,148935519.82
694,firm,F1,65087731.07
694,firm,F2,111572554.61
694,firm,F3,103157665.72
694,firm,F4,129096539.56
694,firm,F5,88296803.05
694,firm,F6,138969479.21
694,firm,F7,74660094.31
694,firm,F8,75181215.31
694,firm,F9,143514852.75
695,agent,G0,191954.89
695,agent,G1,264729.89
695,agent,G2,238331.07
695,agent,G3,153676.45
695,agent,G4,155090.78
695,agent,G5,133924.00
695,agent,G6,284953.11
695,agent,G7,51848.76
695,agent,G8,94716.26
695,agent,G9,230921.93
695,firm,F0,148935519.82
695,firm,F1,65087731.07
695,firm,F2,111572554.61
695,firm,F3,103157665.72
695,firm,F4,129103556.16
695,firm,F5,88296803.05
695,firm,F6,138972521.06
695,firm,F7,74660094.31
695,firm,F8,75181215.31
695,firm,F9,143530130.75
696,agent,G0,191954.89
696,agent,G1,264729.89
696,agent,G2,238331.07
696,agent,G3,153676.45
696,agent,G4,155090.78
696,agent,G5,137471.84
696,agent,G6,280201.81
696,agent,G7,48998.05
696,agent,G8,94716.26
696,agent,G9,227374.09
696,firm,F0,148935519.82
696,firm,F1,65105370.79
696,firm,F2,111577305.91
696,firm,F3,103157665.72
696,firm,F4,129103556.16
696,firm,F5,88296803.05
696,firm,F6,138972521.06
696,firm,F7,74660094.31
696,firm,F8,75181215.31
696,firm,F9,143530130.75
697,agent,G0,191954.89
697,agent,G1,264729.89
697,agent,G2,238331.07
697,agent,G3,153676.45
697,agent,G4,155090.78
697,agent,G5,161664.81
697,agent,G6,280201.81
697,agent,G7,39241.48
697,agent,G8,94716.26
697,agent,G9,199813.07
697,firm,F0,148935519.82
697,firm,F1,65108738.84
697,firm,F2,111577305.91
697,firm,F3,103157665.72
697,firm,F4,129119976.73
697,firm,F5,88296803.05
697,firm,F6,138972521.06
697,firm,F7,74660094.31
697,firm,F8,75181215.31
697,firm,F9,143530130.75
698,agent,G0,191954.89
698,agent,G1,264729.89
698,agent,G2,212615.47
698,agent,G3,153676.45
698,agent,G4,155090.78
698,agent,G5,172865.26
698,agent,G6,280201.81
698,agent,G7,61192.09
698,agent,G8,94716.26
698,agent,G9,196363.14
698,firm,F0,148935519.82
698,firm,F1,65112503.83
698,firm,F2,111577305.91
698,firm,F3,103157665.72
698,firm,F4,129119976.73
698,firm,F5,88317433.52
698,firm,F6,138972521.06
698,firm,F7,74660094.31
698,firm,F8,75181215.31
698,firm,F9,143530130.75
699,agent,G0,191954.89
699,agent,G1,264729.89
699,agent,G2,212615.47
699,agent,G3,153676.45
699,agent,G4,155090.78
699,agent,G5,172865.26
699,agent,G6,283960.05
699,agent,G7,61192.09
699,agent,G8,94716.26
699,agent,G9,181432.28
699,firm,F0,148935519.82
699,firm,F1,65112503.83
699,firm,F2,111583526.28
699,firm,F3,103157665.72
699,firm,F4,129119976.73
699,firm,F5,88317433.52
699,firm,F6,138977473.32
699,firm,F7,74660094.31
699,firm,F8,75181215.31
699,firm,F9,143564381.75
700,agent,G0,191954.89
700,agent,G1,264729.89
700,agent,G2,212615.47
700,agent,G3,170421.42
700,agent,G4,138323.96
700,agent,G5,163668.26
700,agent,G6,308904.32
700,agent,G7,61192.09
700,agent,G8,92222.62
700,agent,G9,181432.28
700,firm,F0,148935519.82
700,firm,F1,65112503.83
700,firm,F2,111586041.77
700,firm,F3,103157665.72
700,firm,F4,129124647.45
700,firm,F5,88317433.52
700,firm,F6,138977473.32
700,firm,F7,74669291.31
700,firm,F8,75181215.31
700,firm,F9,143564381.75
701,agent,G0,240116.43
701,agent,G1,264729.89
701,agent,G2,212615.47
701,agent,G3,170421.42
701,agent,G4,138323.96
701,agent,G5,163668.26
701,agent,G6,252182.37
701,agent,G7,61192.09
701,agent,G8,92222.62
701,agent,G9,173449.06
701,firm,F0,148939749.41
701,firm,F1,65112503.83
701,firm,F2,111590422.80
701,firm,F3,103157665.72
701,firm,F4,129158898.45
701,firm,F5,88317433.52
701,firm,F6,138977473.32
701,firm,F7,74669291.31
701,firm,F8,75181215.31
701,firm,F9,143564381.75
702,agent,G0,234280.21
702,agent,G1,270566.12
702,agent,G2,212615.47
702,agent,G3,170421.42
702,agent,G4,142286.48
702,agent,G5,163668.26
702,agent,G6,252182.37
702,agent,G7,60051.95
702,agent,G8,65904.62
702,agent,G9,173449.06
702,firm,F0,148939749.41
702,firm,F1,65112503.83
702,firm,F2,111590422.80
702,firm,F3,103158520.20
702,firm,F4,129158898.45
702,firm,F5,88317433.52
702,firm,F6,138977473.32
702,firm,F7,74695609.31
702,firm,F8,75181215.31
702,firm,F9,143565521.89
703,agent,G0,234280.21
703,agent,G1,270566.12
703,agent,G2,212615.47
703,agent,G3,141723.24
703,agent,G4,147688.65
703,agent,G5,163668.26
703,agent,G6,252182.37
703,agent,G7,76293.98
703,agent,G8,65904.62
703,agent,G9,160438.72
703,firm,F0,148941402.60
703,firm,F1,65112503.83
703,firm,F2,111590422.80
703,firm,F3,103158520.20
703,firm,F4,129182194.45
703,firm,F5,88317433.52
703,firm,F6,138981038.44
703,firm,F7,74695609.31
703,firm,F8,75181215.31
703,firm,F9,143565521.89
704,agent,G0,252972.71
704,agent,G1,241345.38
704,agent,G2,212615.47
704,agent,G3,141723.24
704,agent,G4,147688.65
704,agent,G5,170350.87
704,agent,G6,252182.37
704,agent,G7,101186.47
704,agent,G8,65904.62
704,agent,G9,130558.72
704,firm,F0,148941402.60
704,firm,F1,65112503.83
704,firm,F2,111620302.80
704,firm,F3,103158520.20
704,firm,F4,129186522.70
704,firm,F5,88317433.52
704,firm,F6,138981038.44
704,firm,F7,74700114.20
704,firm,F8,75181215.31
704,firm,F9,143565521.89
705,agent,G0,252972.71
705,agent,G1,241345.38
705,agent,G2,212615.47
705,agent,G3,109455.77
705,agent,G4,147688.65
705,agent,G5,170350.87
705,agent,G6,262388.45
705,agent,G7,106336.27
705,agent,G8,65904.62
705,agent,G9,141734.30
705,firm,F0,148941402.60
705,firm,F1,65112503.83
705,firm,F2,111639175.80
705,firm,F3,103162037.32
705,firm,F4,129186522.70
705,firm,F5,88319652.42
705,firm,F6,138981038.44
705,firm,F7,74700114.20
705,firm,F8,75181215.31
705,firm,F9,143565521.89
706,agent,G0,215796.06
706,agent,G1,254842.05
706,agent,G2,212615.47
706,agent,G3,109455.77
706,agent,G4,131647.59
706,agent,G5,177647.51
706,agent,G6,262388.45
706,agent,G7,106336.27
706,agent,G8,65904.62
706,agent,G9,165396.55
706,firm,F0,148941402.60
706,firm,F1,65112503.83
706,firm,F2,111639175.80
706,firm,F3,103162037.32
706,firm,F4,129186522.70
706,firm,F5,88322196.82
706,firm,F6,138981038.44
706,firm,F7,74729994.20
706,firm,F8,75181215.31
706,firm,F9,143569910.64
707,agent,G0,215796.06
707,agent,G1,254842.05
707,agent,G2,222469.60
707,agent,G3,97418.74
707,agent,G4,125494.23
707,agent,G5,183531.64
707,agent,G6,262388.45
707,agent,G7,106336.27
707,agent,G8,65904.62
707,agent,G9,166732.91
707,firm,F0,148941402.60
707,firm,F1,65112503.83
707,firm,F2,111640598.66
707,firm,F3,103166854.32
707,firm,F4,129186522.70
707,firm,F5,88322196.82
707,firm,F6,138981038.44
707,firm,F7,74729994.20
707,firm,F8,75181215.31
707,firm,F9,143572093.54
708,agent,G0,215796.06
708,agent,G1,274297.28
708,agent,G2,222469.60
708,agent,G3,99304.85
708,agent,G4,125494.23
708,agent,G5,163615.72
708,agent,G6,262388.45
708,agent,G7,123126.67
708,agent,G8,65904.62
708,agent,G9,156396.80
708,firm,F0,148941402.60
708,firm,F1,65112503.83
708,firm,F2,111640598.66
708,firm,F3,103166854.32
708,firm,F4,129186522.70
708,firm,F5,88325322.34
708,firm,F6,138981038.44
708,firm,F7,74729994.20
708,firm,F8,75184730.08
708,firm,F9,143580543.54
709,agent,G0,215796.06
709,agent,G1,274297.28
709,agent,G2,229920.72
709,agent,G3,99304.85
709,agent,G4,125494.23
709,agent,G5,163615.72
709,agent,G6,249444.45
709,agent,G7,123126.67
709,agent,G8,67808.83
709,agent,G9,156396.80
709,firm,F0,148941402.60
709,firm,F1,65112503.83
709,firm,F2,111641708.65
709,firm,F3,103179798.32
709,firm,F4,129186522.70
709,firm,F5,88327801.02
709,firm,F6,138981038.44
709,firm,F7,74729994.20
709,firm,F8,75184730.08
709,firm,F9,143580543.54
710,agent,G0,220879.76
710,agent,G1,269213.59
710,agent,G2,229920.72
710,agent,G3,99304.85
710,agent,G4,125494.23
710,agent,G5,186792.84
710,agent,G6,223999.79
710,agent,G7,123126.67
710,agent,G8,67808.83
710,agent,G9,156396.80
710,firm,F0,148941402.60
710,firm,F1,65112503.83
710,firm,F2,111641708.65
710,firm,F3,103208162.43
710,firm,F4,129186522.70
710,firm,F5,88327801.02
710,firm,F6,138981038.44
710,firm,F7,74729994.20
710,firm,F8,75188581.52
710,firm,F9,143580543.54
711,agent,G0,226991.62
711,agent,G1,263101.72
711,agent,G2,229920.72
711,agent,G3,99304.85
711,agent,G4,142472.18
711,agent,G5,166412.22
711,agent,G6,223999.79
711,agent,G7,123126.67
711,agent,G8,67808.83
711,agent,G9,165110.72
711,firm,F0,148964372.60
711,firm,F1,65112503.83
711,firm,F2,111641708.65
711,firm,F3,103214496.52
711,firm,F4,129186522.70
711,firm,F5,88327801.02
711,firm,F6,138984441.10
711,firm,F7,74729994.20
711,firm,F8,75188581.52
711,firm,F9,143580543.54
712,agent,G0,226991.62
712,agent,G1,236595.74
712,agent,G2,229920.72
712,agent,G3,99304.85
712,agent,G4,142472.18
712,agent,G5,166412.22
712,agent,G6,223999.79
712,agent,G7,148602.66
712,agent,G8,67808.83
712,agent,G9,160850.72
712,firm,F0,148965198.84
712,firm,F1,65112503.83
712,firm,F2,111646172.40
712,firm,F3,103218756.52
712,firm,F4,129186522.70
712,firm,F5,88327801.02
712,firm,F6,138984441.10
712,firm,F7,74729994.20
712,firm,F8,75188581.52
712,firm,F9,143580543.54
713,agent,G0,238017.64
713,agent,G1,205445.81
713,agent,G2,206950.72
713,agent,G3,99304.85
713,agent,G4,142472.18
713,agent,G5,166412.22
713,agent,G6,223999.79
713,agent,G7,148602.66
713,agent,G8,88943.36
713,agent,G9,160850.72
713,firm,F0,148965198.84
713,firm,F1,65113626.46
713,firm,F2,111646172.40
713,firm,F3,103222565.26
713,firm,F4,129186522.70
713,firm,F5,88350771.02
713,firm,F6,138984441.10
713,firm,F7,74729994.20
713,firm,F8,75188581.52
713,firm,F9,143580543.54
714,agent,G0,212230.05
714,agent,G1,205445.81
714,agent,G2,206950.72
714,agent,G3,101173.14
714,agent,G4,142472.18
714,agent,G5,157236.93
714,agent,G6,223999.79
714,agent,G7,170418.60
714,agent,G8,101965.93
714,agent,G9,160850.72
714,firm,F0,148965198.84
714,firm,F1,65113626.46
714,firm,F2,111653479.40
714,firm,F3,103222565.26
714,firm,F4,129186522.70
714,firm,F5,88350771.02
714,firm,F6,138984441.10
714,firm,F7,74733965.85
714,firm,F8,75191599.95
714,firm,F9,143580543.54
715,agent,G0,212230.05
715,agent,G1,205445.81
715,agent,G2,206950.72
715,agent,G3,101173.14
715,agent,G4,142472.18
715,agent,G5,157236.93
715,agent,G6,218934.32
715,agent,G7,170418.60
715,agent,G8,105153.94
715,agent,G9,158272.40
715,firm,F0,148967777.16
715,firm,F1,65113626.46
715,firm,F2,111667204.86
715,firm,F3,103222565.26
715,firm,F4,129186522.70
715,firm,F5,88350771.02
715,firm,F6,138984441.10
715,firm,F7,74733965.85
715,firm,F8,75191599.95
715,firm,F9,143580543.54
716,agent,G0,212230.05
716,agent,G1,197627.81
716,agent,G2,221476.26
716,agent,G3,103219.04
716,agent,G4,142472.18
716,agent,G5,157236.93
716,agent,G6,223259.59
716,agent,G7,170418.60
716,agent,G8,105153.94
716,agent,G9,141143.46
716,firm,F0,148978198.56
716,firm,F1,65113626.46
716,firm,F2,111667204.86
716,firm,F3,103222565.26
716,firm,F4,129186522.70
716,firm,F5,88350771.02
716,firm,F6,138984441.10
716,firm,F7,74733965.85
716,firm,F8,75193046.77
716,firm,F9,143580543.54
717,agent,G0,205003.00
717,agent,G1,204854.86
717,agent,G2,221476.26
717,agent,G3,103219.04
717,agent,G4,124317.61
717,agent,G5,157236.93
717,agent,G6,236095.58
717,agent,G7,170418.60
717,agent,G8,105153.94
717,agent,G9,141143.46
717,firm,F0,148978198.56
717,firm,F1,65113626.46
717,firm,F2,111667204.86
717,firm,F3,103222565.26
717,firm,F4,129186522.70
717,firm,F5,88352969.46
717,firm,F6,138984441.10
717,firm,F7,74733965.85
717,firm,F8,75223780.92
717,firm,F9,143580543.54
718,agent,G0,187669.66
718,agent,G1,176517.22
718,agent,G2,221476.26
718,agent,G3,103219.04
718,agent,G4,124317.61
718,agent,G5,157236.93
718,agent,G6,236095.58
718,agent,G7,178974.41
718,agent,G8,124527.08
718,agent,G9,141143.46
718,firm,F0,148978198.56
718,firm,F1,65113626.46
718,firm,F2,111667204.86
718,firm,F3,103222565.26
718,firm,F4,129189850.54
718,firm,F5,88354876.65
718,firm,F6,138984441.10
718,firm,F7,74733965.85
718,firm,F8,75246750.92
718,firm,F9,143580543.54
719,agent,G0,199235.67
719,agent,G1,176517.22
719,agent,G2,221476.26
719,agent,G3,103219.04
719,agent,G4,111813.39
719,agent,G5,157236.93
719,agent,G6,234851.83
719,agent,G7,178974.41
719,agent,G8,124527.08
719,agent,G9,141143.46
719,firm,F0,148978450.70
719,firm,F1,65115556.27
719,firm,F2,111667204.86
719,firm,F3,103222565.26
719,firm,F4,129189850.54
719,firm,F5,88354876.65
719,firm,F6,138984441.10
719,firm,F7,74733965.85
719,firm,F8,75248382.92
719,firm,F9,143580543.54
720,agent,G0,183194.67
720,agent,G1,190843.14
720,agent,G2,221476.26
720,agent,G3,103219.04
720,agent,G4,111813.39
720,agent,G5,140115.46
720,agent,G6,234851.83
720,agent,G7,178974.41
720,agent,G8,120076.11
720,agent,G9,147752.16
720,firm,F0,148978450.70
720,firm,F1,65131597.27
720,firm,F2,111667204.86
720,firm,F3,103222565.26
720,firm,F4,129189850.54
720,firm,F5,88354876.65
720,firm,F6,138984441.10
720,firm,F7,74736761.39
720,firm,F8,75248382.92
720,firm,F9,143580949.81
721,agent,G0,176930.33
721,agent,G1,175716.40
721,agent,G2,221476.26
721,agent,G3,103219.04
721,agent,G4,111813.39
721,agent,G5,158145.88
721,agent,G6,215012.33
721,agent,G7,178974.41
721,agent,G8,120076.11
721,agent,G9,147752.16
721,firm,F0,148978450.70
721,firm,F1,65159499.77
721,firm,F2,111667204.86
721,firm,F3,103222565.26
721,firm,F4,129189850.54
721,firm,F5,88354876.65
721,firm,F6,138987801.77
721,firm,F7,74736761.39
721,firm,F8,75248382.92
721,firm,F9,143580949.81
722,agent,G0,170505.01
722,agent,G1,182141.73
722,agent,G2,221476.26
722,agent,G3,103219.04
722,agent,G4,109891.42
722,agent,G5,158145.88
722,agent,G6,215012.33
722,agent,G7,160222.90
722,agent,G8,120076.11
722,agent,G9,147752.16
722,firm,F0,148978450.70
722,firm,F1,65159499.77
722,firm,F2,111667204.86
722,firm,F3,103222565.26
722,firm,F4,129217661.05
722,firm,F5,88354876.65
722,firm,F6,138987801.77
722,firm,F7,74736761.39
722,firm,F8,75250304.90
722,firm,F9,143580949.81
723,agent,G0,170505.01
723,agent,G1,184530.56
723,agent,G2,221476.26
723,agent,G3,103219.04
723,agent,G4,107807.18
723,agent,G5,140820.25
723,agent,G6,215464.57
723,agent,G7,160222.90
723,agent,G8,134379.66
723,agent,G9,147752.16
723,firm,F0,148980082.70
723,firm,F1,65159499.77
723,firm,F2,111670226.93
723,firm,F3,103222565.26
723,firm,F4,129217661.05
723,firm,F5,88354876.65
723,firm,F6,138987801.77
723,firm,F7,74736761.39
723,firm,F8,75250834.06
723,firm,F9,143580949.81
724,agent,G0,164175.42
724,agent,G1,169879.03
724,agent,G2,221476.26
724,agent,G3,103219.04
724,agent,G4,107807.18
724,agent,G5,158011.17
724,agent,G6,189626.78
724,agent,G7,160222.90
724,agent,G8,134379.66
724,agent,G9,147752.16
724,firm,F0,148980082.70
724,firm,F1,65163289.97
724,firm,F2,111670226.93
724,firm,F3,103222565.26
724,firm,F4,129244074.84
724,firm,F5,88354876.65
724,firm,F6,138987801.77
724,firm,F7,74736761.39
724,firm,F8,75250834.06
724,firm,F9,143580949.81
725,agent,G0,168995.80
725,agent,G1,149044.03
725,agent,G2,235054.22
725,agent,G3,103219.04
725,agent,G4,119895.99
725,agent,G5,158011.17
725,agent,G6,189626.78
725,agent,G7,160222.90
725,agent,G8,134379.66
725,agent,G9,131779.68
725,firm,F0,148980082.70
725,firm,F1,65163289.97
725,firm,F2,111670226.93
725,firm,F3,103222565.26
725,firm,F4,129246469.37
725,firm,F5,88354876.65
725,firm,F6,138987801.77
725,firm,F7,74736761.39
725,firm,F8,75271669.06
725,firm,F9,143584875.62
726,agent,G0,168995.80
726,agent,G1,171255.88
726,agent,G2,247024.48
726,agent,G3,103219.04
726,agent,G4,119895.99
726,agent,G5,158011.17
726,agent,G6,189626.78
726,agent,G7,160222.90
726,agent,G8,116404.35
726,agent,G9,119575.73
726,firm,F0,148980082.70
726,firm,F1,65163289.97
726,firm,F2,111670226.93
726,firm,F3,103222565.26
726,firm,F4,129248637.36
726,firm,F5,88360093.80
726,firm,F6,138987801.77
726,firm,F7,74736761.39
726,firm,F8,75271669.06
726,firm,F9,143600916.62
727,agent,G0,168995.80
727,agent,G1,136443.25
727,agent,G2,254408.11
727,agent,G3,103219.04
727,agent,G4,126380.40
727,agent,G5,158011.17
727,agent,G6,200167.22
727,agent,G7,160222.90
727,agent,G8,103663.92
727,agent,G9,119575.73
727,firm,F0,148980082.70
727,firm,F1,65163289.97
727,firm,F2,111672426.92
727,firm,F3,103222565.26
727,firm,F4,129248637.36
727,firm,F5,88388969.39
727,firm,F6,138987801.77
727,firm,F7,74736761.39
727,firm,F8,75271669.06
727,firm,F9,143600916.62
728,agent,G0,162403.31
728,agent,G1,143035.73
728,agent,G2,226785.14
728,agent,G3,103219.04
728,agent,G4,126380.40
728,agent,G5,181269.82
728,agent,G6,200167.22
728,agent,G7,142924.70
728,agent,G8,103663.92
728,agent,G9,119575.73
728,firm,F0,148980082.70
728,firm,F1,65163289.97
728,firm,F2,111672426.92
728,firm,F3,103222565.26
728,firm,F4,129248637.36
728,firm,F5,88415287.39
728,firm,F6,138992166.09
728,firm,F7,74736761.39
728,firm,F8,75273682.27
728,firm,F9,143600916.62
729,agent,G0,167161.04
729,agent,G1,143035.73
729,agent,G2,226785.14
729,agent,G3,93773.19
729,agent,G4,121622.68
729,agent,G5,181269.82
729,agent,G6,200167.22
729,agent,G7,142924.70
729,agent,G8,92391.94
729,agent,G9,119575.73
729,firm,F0,148980082.70
729,firm,F1,65163289.97
729,firm,F2,111672794.25
729,firm,F3,103222565.26
729,firm,F4,129250563.86
729,firm,F5,88415287.39
729,firm,F6,138992166.09
729,firm,F7,74736761.39
729,firm,F8,75294517.27
729,firm,F9,143600916.62
730,agent,G0,167161.04
730,agent,G1,143035.73
730,agent,G2,201889.74
730,agent,G3,90799.68
730,agent,G4,121622.68
730,agent,G5,181269.82
730,agent,G6,200167.22
730,agent,G7,143487.20
730,agent,G8,124276.22
730,agent,G9,119575.73
730,firm,F0,148980082.70
730,firm,F1,65163289.97
730,firm,F2,111675205.25
730,firm,F3,103222565.26
730,firm,F4,129250563.86
730,firm,F5,88419721.16
730,firm,F6,138992166.09
730,firm,F7,74738898.74
730,firm,F8,75294517.27
730,firm,F9,143600916.62
731,agent,G0,190576.49
731,agent,G1,143035.73
731,agent,G2,201889.74
731,agent,G3,90799.68
731,agent,G4,124114.49
731,agent,G5,181269.82
731,agent,G6,178163.24
731,agent,G7,122652.20
731,agent,G8,124276.22
731,agent,G9,119575.73
731,firm,F0,148984057.21
731,firm,F1,65163289.97
731,firm,F2,111675205.25
731,firm,F3,103222565.26
731,firm,F4,129250563.86
731,firm,F5,88419721.16
731,firm,F6,138993819.29
731,firm,F7,74738898.74
731,firm,F8,75315352.27
731,firm,F9,143600916.62
732,agent,G0,157852.42
732,agent,G1,149441.80
732,agent,G2,201889.74
732,agent,G3,90799.68
732,agent,G4,124114.49
732,agent,G5,161678.03
732,agent,G6,178163.24
732,agent,G7,123336.31
732,agent,G8,124276.22
732,agent,G9,136237.91
732,firm,F0,149010375.21
732,firm,F1,65163289.97
732,firm,F2,111675205.25
732,firm,F3,103222565.26
732,firm,F4,129250563.86
732,firm,F5,88419851.06
732,firm,F6,138993819.29
732,firm,F7,74738898.74
732,firm,F8,75315352.27
732,firm,F9,143603846.24
733,agent,G0,163259.45
733,agent,G1,149441.80
733,agent,G2,201889.74
733,agent,G3,80873.19
733,agent,G4,97872.46
733,agent,G5,161678.03
733,agent,G6,178163.24
733,agent,G7,123336.31
733,agent,G8,124276.22
733,agent,G9,149490.07
733,firm,F0,149010375.21
733,firm,F1,65163289.97
733,firm,F2,111675205.25
733,firm,F3,103222565.26
733,firm,F4,129250563.86
733,firm,F5,88419851.06
733,firm,F6,139015756.56
733,firm,F7,74738898.74
733,firm,F8,75317045.33
733,firm,F9,143603846.24
734,agent,G0,165088.56
734,agent,G1,172308.57
734,agent,G2,201889.74
734,agent,G3,80873.19
734,agent,G4,88112.35
734,agent,G5,161678.03
734,agent,G6,178163.24
734,agent,G7,123336.31
734,agent,G8,124276.22
734,agent,G9,133100.34
734,firm,F0,149012181.72
734,firm,F1,65163289.97
734,firm,F2,111675205.25
734,firm,F3,103222565.26
734,firm,F4,129250563.86
734,firm,F5,88427782.06
734,firm,F6,139015756.56
734,firm,F7,74738898.74
734,firm,F8,75319926.78
734,firm,F9,143603846.24
735,agent,G0,166938.71
735,agent,G1,188595.25
735,agent,G2,201889.74
735,agent,G3,80873.19
735,agent,G4,78331.20
735,agent,G5,188960.53
735,agent,G6,158817.27
735,agent,G7,123336.31
735,agent,G8,124276.22
735,agent,G9,133100.34
735,firm,F0,149012181.72
735,firm,F1,65163289.97
735,firm,F2,111675205.25
735,firm,F3,103225624.55
735,firm,F4,129250563.86
735,firm,F5,88435713.06
735,firm,F6,139015756.56
735,firm,F7,74738898.74
735,firm,F8,75319926.78
735,firm,F9,143609729.74
736,agent,G0,166938.71
736,agent,G1,188802.55
736,agent,G2,201889.74
736,agent,G3,72007.14
736,agent,G4,92826.34
736,agent,G5,188960.53
736,agent,G6,158817.27
736,agent,G7,123129.02
736,agent,G8,124276.22
736,agent,G9,133100.34
736,firm,F0,149012181.72
736,firm,F1,65163289.97
736,firm,F2,111675205.25
736,firm,F3,103225624.55
736,firm,F4,129252121.31
736,firm,F5,88435713.06
736,firm,F6,139015756.56
736,firm,F7,74741564.19
736,firm,F8,75319926.78
736,firm,F9,143609729.74
737,agent,G0,166938.71
737,agent,G1,188802.55
737,agent,G2,201889.74
737,agent,G3,64182.52
737,agent,G4,100582.38
737,agent,G5,175400.53
737,agent,G6,158817.27
737,agent,G7,129705.82
737,agent,G8,120861.79
737,agent,G9,133100.34
737,firm,F0,149012181.72
737,firm,F1,65164537.79
737,firm,F2,111675205.25
737,firm,F3,103225624.55
737,firm,F4,129252121.31
737,firm,F5,88435713.06
737,firm,F6,139016608.95
737,firm,F7,74741564.19
737,firm,F8,75319926.78
737,firm,F9,143623289.74
738,agent,G0,166938.71
738,agent,G1,189019.56
738,agent,G2,201889.74
738,agent,G3,64182.52
738,agent,G4,100582.38
738,agent,G5,175400.53
738,agent,G6,158817.27
738,agent,G7,129488.81
738,agent,G8,120047.79
738,agent,G9,147190.61
738,firm,F0,149012181.72
738,firm,F1,65164537.79
738,firm,F2,111675205.25
738,firm,F3,103225624.55
738,firm,F4,129256038.11
738,firm,F5,88435713.06
738,firm,F6,139016608.95
738,firm,F7,74745338.13
738,firm,F8,75319926.78
738,firm,F9,143623289.74
739,agent,G0,166938.71
739,agent,G1,189019.56
739,agent,G2,216089.09
739,agent,G3,64182.52
739,agent,G4,102233.94
739,agent,G5,175400.53
739,agent,G6,156379.05
739,agent,G7,129488.81
739,agent,G8,120047.79
739,agent,G9,139418.05
739,firm,F0,149012181.72
739,firm,F1,65167875.45
739,firm,F2,111675205.25
739,firm,F3,103225624.55
739,firm,F4,129256038.11
739,firm,F5,88435713.06
739,firm,F6,139022729.95
739,firm,F7,74745338.13
739,firm,F8,75322365.01
739,firm,F9,143623289.74
740,agent,G0,168124.80
740,agent,G1,183825.56
740,agent,G2,216089.09
740,agent,G3,64182.52
740,agent,G4,116976.04
740,agent,G5,156248.61
740,agent,G6,165189.87
740,agent,G7,129488.81
740,agent,G8,120047.79
740,agent,G9,139418.05
740,firm,F0,149017375.72
740,firm,F1,65167875.45
740,firm,F2,111675205.25
740,firm,F3,103227242.72
740,firm,F4,129256038.11
740,firm,F5,88438936.80
740,firm,F6,139022729.95
740,firm,F7,74745338.13
740,firm,F8,75322365.01
740,firm,F9,143623289.74
741,agent,G0,168124.80
741,agent,G1,184037.67
741,agent,G2,215275.09
741,agent,G3,64182.52
741,agent,G4,116976.04
741,agent,G5,139142.31
741,agent,G6,165189.87
741,agent,G7,129276.70
741,agent,G8,120047.79
741,agent,G9,168111.13
741,firm,F0,149017375.72
741,firm,F1,65168689.45
741,firm,F2,111678501.60
741,firm,F3,103227242.72
741,firm,F4,129256038.11
741,firm,F5,88438936.80
741,firm,F6,139025692.82
741,firm,F7,74745338.13
741,firm,F8,75322365.01
741,firm,F9,143623289.74
742,agent,G0,169506.42
742,agent,G1,213429.30
742,agent,G2,215275.09
742,agent,G3,64182.52
742,agent,G4,102967.00
742,agent,G5,139142.31
742,agent,G6,175681.34
742,agent,G7,129276.70
742,agent,G8,120047.79
742,agent,G9,168111.13
742,firm,F0,149017375.72
742,firm,F1,65168689.45
742,firm,F2,111678501.60
742,firm,F3,103240488.10
742,firm,F4,129256038.11
742,firm,F5,88438936.80
742,firm,F6,139027828.78
742,firm,F7,74745338.13
742,firm,F8,75322365.01
742,firm,F9,143623289.74
743,agent,G0,170865.38
743,agent,G1,211896.75
743,agent,G2,215275.09
743,agent,G3,64182.52
743,agent,G4,90509.42
743,agent,G5,139142.31
743,agent,G6,175681.34
743,agent,G7,129276.70
743,agent,G8,129270.77
743,agent,G9,168111.13
743,firm,F0,149017375.72
743,firm,F1,65168689.45
743,firm,F2,111684418.15
743,firm,F3,103240488.10
743,firm,F4,129256038.11
743,firm,F5,88438936.80
743,firm,F6,139029704.42
743,firm,F7,74745338.13
743,firm,F8,75322365.01
743,firm,F9,143623289.74
744,agent,G0,172259.04
744,agent,G1,211896.75
744,agent,G2,215275.09
744,agent,G3,65651.46
744,agent,G4,89115.75
744,agent,G5,123895.39
744,agent,G6,175681.34
744,agent,G7,129276.70
744,agent,G8,141852.31
744,agent,G9,168111.13
744,firm,F0,149017375.72
744,firm,F1,65168689.45
744,firm,F2,111687083.54
744,firm,F3,103240488.10
744,firm,F4,129262847.17
744,firm,F5,88438936.80
744,firm,F6,139029704.42
744,firm,F7,74745338.13
744,firm,F8,75322365.01
744,firm,F9,143623289.74
745,agent,G0,153627.28
745,agent,G1,212107.95
745,agent,G2,215275.09
745,agent,G3,65651.46
745,agent,G4,89115.75
745,agent,G5,123895.39
745,agent,G6,175681.34
745,agent,G7,129065.49
745,agent,G8,157672.35
745,agent,G9,178868.86
745,firm,F0,149020187.45
745,firm,F1,65168689.45
745,firm,F2,111687897.54
745,firm,F3,103240488.10
745,firm,F4,129262847.17
745,firm,F5,88438936.80
745,firm,F6,139031760.68
745,firm,F7,74745338.13
745,firm,F8,75322365.01
745,firm,F9,143623289.74
746,agent,G0,153627.28
746,agent,G1,212107.95
746,agent,G2,215275.09
746,agent,G3,65651.46
746,agent,G4,87469.36
746,agent,G5,127336.29
746,agent,G6,175681.34
746,agent,G7,129065.49
746,agent,G8,161937.63
746,agent,G9,161799.96
746,firm,F0,149020187.45
746,firm,F1,65169692.17
746,firm,F2,111689543.93
746,firm,F3,103240488.10
746,firm,F4,129276475.17
746,firm,F5,88438936.80
746,firm,F6,139031760.68
746,firm,F7,74745338.13
746,firm,F8,75322365.01
746,firm,F9,143623289.74
747,agent,G0,153627.28
747,agent,G1,212318.00
747,agent,G2,209246.76
747,agent,G3,87091.32
747,agent,G4,87469.36
747,agent,G5,127336.29
747,agent,G6,175681.34
747,agent,G7,128855.44
747,agent,G8,161937.63
747,agent,G9,160985.96
747,firm,F0,149024257.92
747,firm,F1,65169692.17
747,firm,F2,111689543.93
747,firm,F3,103240488.10
747,firm,F4,129280547.16
747,firm,F5,88438936.80
747,firm,F6,139032574.68
747,firm,F7,74745338.13
747,firm,F8,75322365.01
747,firm,F9,143623289.74
748,agent,G0,153627.28
748,agent,G1,212318.00
748,agent,G2,203992.45
748,agent,G3,87091.32
748,agent,G4,87469.36
748,agent,G5,113367.14
748,agent,G6,161669.80
748,agent,G7,140353.55
748,agent,G8,161937.63
748,agent,G9,166240.27
748,firm,F0,149026728.96
748,firm,F1,65169692.17
748,firm,F2,111689543.93
748,firm,F3,103264042.10
748,firm,F4,129280547.16
748,firm,F5,88438936.80
748,firm,F6,139032574.68
748,firm,F7,74747039.66
748,firm,F8,75322365.01
748,firm,F9,143623289.74
749,agent,G0,153627.28
749,agent,G1,212533.26
749,agent,G2,203992.45
749,agent,G3,106663.83
749,agent,G4,78039.41
749,agent,G5,113367.14
749,agent,G6,161669.80
749,agent,G7,140138.30
749,agent,G8,161123.63
749,agent,G9,174304.19
749,firm,F0,149026728.96
749,firm,F1,65170506.17
749,firm,F2,111689543.93
749,firm,F3,103267765.59
749,firm,F4,129280547.16
749,firm,F5,88438936.80
749,firm,F6,139032574.68
749,firm,F7,74747039.66
749,firm,F8,75323731.03
749,firm,F9,143623289.74
750,agent,G0,159977.63
750,agent,G1,212533.26
750,agent,G2,203992.45
750,agent,G3,100313.47
750,agent,G4,78039.41
750,agent,G5,117727.82
750,agent,G6,153143.52
750,agent,G7,140138.30
750,agent,G8,143668.62
750,agent,G9,174304.19
750,firm,F0,149026728.96
750,firm,F1,65170506.17
750,firm,F2,111689543.93
750,firm,F3,103267765.59
750,firm,F4,129280547.16
750,firm,F5,88442519.41
750,firm,F6,139032574.68
750,firm,F7,74770335.66
750,firm,F8,75323731.03
750,firm,F9,143623289.74
751,agent,G0,143797.55
751,agent,G1,212533.26
751,agent,G2,203992.45
751,agent,G3,115001.45
751,agent,G4,76630.09
751,agent,G5,117727.82
751,agent,G6,150094.97
751,agent,G7,140138.30
751,agent,G8,143668.62
751,agent,G9,174304.19
751,firm,F0,149026728.96
751,firm,F1,65170506.17
751,firm,F2,111689543.93
751,firm,F3,103267765.59
751,firm,F4,129280547.16
751,firm,F5,88442519.41
751,firm,F6,139032574.68
751,firm,F7,74778917.63
751,firm,F8,75323731.03
751,firm,F9,143623289.74
752,agent,G0,143797.55
752,agent,G1,212533.26
752,agent,G2,203992.45
752,agent,G3,115001.45
752,agent,G4,76630.09
752,agent,G5,116449.64
752,agent,G6,163685.65
752,agent,G7,124911.14
752,agent,G8,143668.62
752,agent,G9,188382.87
752,firm,F0,149026728.96
752,firm,F1,65170506.17
752,firm,F2,111689543.93
752,firm,F3,103270192.25
752,firm,F4,129280547.16
752,firm,F5,88442519.41
752,firm,F6,139041625.00
752,firm,F7,74778917.63
752,firm,F8,75323731.03
752,firm,F9,143623289.74
753,agent,G0,143797.55
753,agent,G1,212533.26
753,agent,G2,203992.45
753,agent,G3,115001.45
753,agent,G4,82046.42
753,agent,G5,116449.64
753,agent,G6,165202.59
753,agent,G7,111391.24
753,agent,G8,143668.62
753,agent,G9,191998.42
753,firm,F0,149026728.96
753,firm,F1,65170506.17
753,firm,F2,111689543.93
753,firm,F3,103271105.76
753,firm,F4,129280547.16
753,firm,F5,88442519.41
753,firm,F6,139047671.00
753,firm,F7,74778917.63
753,firm,F8,75325788.61
753,firm,F9,143623289.74
754,agent,G0,128329.49
754,agent,G1,212533.26
754,agent,G2,203992.45
754,agent,G3,115001.45
754,agent,G4,82046.42
754,agent,G5,129741.09
754,agent,G6,166816.00
754,agent,G7,117745.39
754,agent,G8,143668.62
754,agent,G9,184339.01
754,firm,F0,149026728.96
754,firm,F1,65170506.17
754,firm,F2,111689543.93
754,firm,F3,103277151.76
754,firm,F4,129280547.16
754,firm,F5,88442519.41
754,firm,F6,139049847.60
754,firm,F7,74778917.63
754,firm,F8,75325788.61
754,firm,F9,143624502.59
755,agent,G0,133967.56
755,agent,G1,219299.15
755,agent,G2,203992.45
755,agent,G3,86067.38
755,agent,G4,73202.30
755,agent,G5,137306.26
755,agent,G6,166816.00
755,agent,G7,117745.39
755,agent,G8,143668.62
755,agent,G9,184339.01
755,firm,F0,149026728.96
755,firm,F1,65170506.17
755,firm,F2,111689543.93
755,firm,F3,103300447.76
755,firm,F4,129280547.16
755,firm,F5,88442519.41
755,firm,F6,139049847.60
755,firm,F7,74780140.74
755,firm,F8,75327067.56
755,firm,F9,143624502.59
756,agent,G0,133967.56
756,agent,G1,211732.15
756,agent,G2,203992.45
756,agent,G3,86067.38
756,agent,G4,73202.30
756,agent,G5,138806.32
756,agent,G6,166816.00
756,agent,G7,115813.15
756,agent,G8,145600.86
756,agent,G9,184339.01
756,firm,F0,149026728.96
756,firm,F1,65172675.39
756,firm,F2,111689543.93
756,firm,F3,103300447.76
756,firm,F4,129280547.16
756,firm,F5,88442519.41
756,firm,F6,139049847.60
756,firm,F7,74787707.74
756,firm,F8,75327725.28
756,firm,F9,143624502.59
757,agent,G0,133967.56
757,agent,G1,211732.15
757,agent,G2,203992.45
757,agent,G3,86067.38
757,agent,G4,73202.30
757,agent,G5,132087.35
757,agent,G6,166816.00
757,agent,G7,103269.01
757,agent,G8,160438.12
757,agent,G9,185799.99
757,firm,F0,149026728.96
757,firm,F1,65172675.39
757,firm,F2,111689543.93
757,firm,F3,103300447.76
757,firm,F4,129280547.16
757,firm,F5,88442519.41
757,firm,F6,139051773.26
757,firm,F7,74788616.97
757,firm,F8,75332983.28
757,firm,F9,143624502.59
758,agent,G0,133967.56
758,agent,G1,211732.15
758,agent,G2,203992.45
758,agent,G3,86067.38
758,agent,G4,90544.45
758,agent,G5,127893.82
758,agent,G6,166816.00
758,agent,G7,103269.01
758,agent,G8,160438.12
758,agent,G9,167877.08
758,firm,F0,149026728.96
758,firm,F1,65175624.81
758,firm,F2,111689543.93
758,firm,F3,103300447.76
758,firm,F4,129280547.16
758,firm,F5,88442519.41
758,firm,F6,139051773.26
758,firm,F7,74788616.97
758,firm,F8,75344623.14
758,firm,F9,143624502.59
759,agent,G0,133967.56
759,agent,G1,211732.15
759,agent,G2,203992.45
759,agent,G3,101171.93
759,agent,G4,90544.45
759,agent,G5,125181.54
759,agent,G6,148557.35
759,agent,G7,103269.01
759,agent,G8,156615.64
759,agent,G9,170589.36
759,firm,F0,149026728.96
759,firm,F1,65175624.81
759,firm,F2,111689543.93
759,firm,F3,103311531.24
759,firm,F4,129280547.16
759,firm,F5,88442519.41
759,firm,F6,139051773.26
759,firm,F7,74788616.97
759,firm,F8,75344623.14
759,firm,F9,143627656.69
760,agent,G0,160892.56
760,agent,G1,211732.15
760,agent,G2,198864.45
760,agent,G3,102516.38
760,agent,G4,90544.45
760,agent,G5,125181.54
760,agent,G6,145838.53
760,agent,G7,103269.01
760,agent,G8,155271.20
760,agent,G9,170589.36
760,firm,F0,149031856.96
760,firm,F1,65175624.81
760,firm,F2,111689543.93
760,firm,F3,103311531.24
760,firm,F4,129280547.16
760,firm,F5,88442519.41
760,firm,F6,139051773.26
760,firm,F7,74794510.98
760,firm,F8,75347341.96
760,firm,F9,143627656.69
761,agent,G0,151982.35
761,agent,G1,211732.15
761,agent,G2,210336.23
761,agent,G3,100567.20
761,agent,G4,90544.45
761,agent,G5,92362.54
761,agent,G6,145838.53
761,agent,G7,103269.01
761,agent,G8,155271.20
761,agent,G9,170589.36
761,firm,F0,149031856.96
761,firm,F1,65177573.99
761,firm,F2,111689543.93
761,firm,F3,103311531.24
761,firm,F4,129280547.16
761,firm,F5,88443016.83
761,firm,F6,139051773.26
761,firm,F7,74794510.98
761,firm,F8,75380160.96
761,firm,F9,143627656.69
762,agent,G0,140740.35
762,agent,G1,211732.15
762,agent,G2,218832.55
762,agent,G3,100567.20
762,agent,G4,90544.45
762,agent,G5,92362.54
762,agent,G6,170728.54
762,agent,G7,70450.01
762,agent,G8,155271.20
762,agent,G9,170589.36
762,firm,F0,149036983.95
762,firm,F1,65177573.99
762,firm,F2,111689543.93
762,firm,F3,103311531.24
762,firm,F4,129280547.16
762,firm,F5,88443016.83
762,firm,F6,139051773.26
762,firm,F7,74797256.67
762,firm,F8,75380160.96
762,firm,F9,143660475.69
763,agent,G0,140740.35
763,agent,G1,211732.15
763,agent,G2,237359.30
763,agent,G3,89616.45
763,agent,G4,90544.45
763,agent,G5,101525.23
763,agent,G6,138768.54
763,agent,G7,70450.01
763,agent,G8,155271.20
763,agent,G9,179084.14
763,firm,F0,149068943.95
763,firm,F1,65177573.99
763,firm,F2,111689543.93
763,firm,F3,103311531.24
763,firm,F4,129287273.66
763,firm,F5,88443016.83
763,firm,F6,139051773.26
763,firm,F7,74797256.67
763,firm,F8,75380160.96
763,firm,F9,143660475.69
764,agent,G0,140740.35
764,agent,G1,220142.04
764,agent,G2,237359.30
764,agent,G3,79913.57
764,agent,G4,112247.57
764,agent,G5,101525.23
764,agent,G6,138768.54
764,agent,G7,70260.53
764,agent,G8,155271.20
764,agent,G9,179084.14
764,firm,F0,149068943.95
764,firm,F1,65177573.99
764,firm,F2,111689543.93
764,firm,F3,103316418.12
764,firm,F4,129287273.66
764,firm,F5,88443016.83
764,firm,F6,139051773.26
764,firm,F7,74798739.15
764,firm,F8,75380160.96
764,firm,F9,143660475.69
765,agent,G0,108780.35
765,agent,G1,220142.04
765,agent,G2,220372.69
765,agent,G3,79913.57
765,agent,G4,112247.57
765,agent,G5,124205.22
765,agent,G6,138768.54
765,agent,G7,70260.53
765,agent,G8,155271.20
765,agent,G9,186839.37
765,firm,F0,149068943.95
765,firm,F1,65177573.99
765,firm,F2,111693668.13
765,firm,F3,103316418.12
765,firm,F4,129291336.87
765,firm,F5,88443016.83
765,firm,F6,139051773.26
765,firm,F7,74830699.15
765,firm,F8,75380160.96
765,firm,F9,143660475.69
766,agent,G0,108780.35
766,agent,G1,230480.52
766,agent,G2,220372.69
766,agent,G3,79913.57
766,agent,G4,99917.38
766,agent,G5,124205.22
766,agent,G6,138768.54
766,agent,G7,73499.70
766,agent,G8,155271.20
766,agent,G9,186839.37
766,firm,F0,149068943.95
766,firm,F1,65177573.99
766,firm,F2,111695879.00
766,firm,F3,103316418.12
766,firm,F4,129291336.87
766,firm,F5,88443830.83
766,firm,F6,139051773.26
766,firm,F7,74830699.15
766,firm,F8,75380160.96
766,firm,F9,143661232.35
767,agent,G0,108780.35
767,agent,G1,230480.52
767,agent,G2,180659.80
767,agent,G3,78528.71
767,agent,G4,99917.38
767,agent,G5,124205.22
767,agent,G6,154274.47
767,agent,G7,73499.70
767,agent,G8,155271.20
767,agent,G9,194592.25
767,firm,F0,149068943.95
767,firm,F1,65177573.99
767,firm,F2,111695879.00
767,firm,F3,103316418.12
767,firm,F4,129323296.87
767,firm,F5,88443830.83
767,firm,F6,139053158.11
767,firm,F7,74830699.15
767,firm,F8,75383923.03
767,firm,F9,143661232.35
768,agent,G0,108780.35
768,agent,G1,230480.52
768,agent,G2,201380.25
768,agent,G3,93122.34
768,agent,G4,99917.38
768,agent,G5,124205.22
768,agent,G6,154274.47
768,agent,G7,47521.70
768,agent,G8,138488.87
768,agent,G9,194592.25
768,firm,F0,149068943.95
768,firm,F1,65177573.99
768,firm,F2,111695879.00
768,firm,F3,103316418.12
768,firm,F4,129323296.87
768,firm,F5,88448766.65
768,firm,F6,139053158.11
768,firm,F7,74833209.58
768,firm,F8,75383923.03
768,firm,F9,143687210.35
769,agent,G0,108780.35
769,agent,G1,232324.65
769,agent,G2,215620.22
769,agent,G3,93122.34
769,agent,G4,99917.38
769,agent,G5,124205.22
769,agent,G6,154274.47
769,agent,G7,47521.70
769,agent,G8,139352.10
769,agent,G9,173268.77
769,firm,F0,149068943.95
769,firm,F1,65181302.49
769,firm,F2,111699881.63
769,firm,F3,103316418.12
769,firm,F4,129323296.87
769,firm,F5,88448766.65
769,firm,F6,139053158.11
769,firm,F7,74833209.58
769,firm,F8,75383923.03
769,firm,F9,143687210.35
770,agent,G0,122633.77
770,agent,G1,232324.65
770,agent,G2,211805.37
770,agent,G3,93122.34
770,agent,G4,99917.38
770,agent,G5,124205.22
770,agent,G6,154274.47
770,agent,G7,48277.55
770,agent,G8,136448.60
770,agent,G9,173268.77
770,firm,F0,149068943.95
770,firm,F1,65181302.49
770,firm,F2,111699881.63
770,firm,F3,103316418.12
770,firm,F4,129323296.87
770,firm,F5,88451825.65
770,firm,F6,139056100.06
770,firm,F7,74835975.70
770,firm,F8,75383923.03
770,firm,F9,143687210.35
771,agent,G0,122633.77
771,agent,G1,207252.52
771,agent,G2,211805.37
771,agent,G3,93122.34
771,agent,G4,99917.38
771,agent,G5,124205.22
771,agent,G6,171147.83
771,agent,G7,48277.55
771,agent,G8,141482.33
771,agent,G9,173268.77
771,firm,F0,149072623.30
771,firm,F1,65181302.49
771,firm,F2,111703911.34
771,firm,F3,103316418.12
771,firm,F4,129323296.87
771,firm,F5,88451825.65
771,firm,F6,139056100.06
771,firm,F7,74835975.70
771,firm,F8,75403191.03
771,firm,F9,143687210.35
772,agent,G0,122633.77
772,agent,G1,183440.52
772,agent,G2,211805.37
772,agent,G3,93122.34
772,agent,G4,114653.53
772,agent,G5,124205.22
772,agent,G6,164502.80
772,agent,G7,43033.12
772,agent,G8,141482.33
772,agent,G9,179913.80
772,firm,F0,149072623.30
772,firm,F1,65181302.49
772,firm,F2,111730231.26
772,firm,F3,103316418.12
772,firm,F4,129324130.23
772,firm,F5,88451825.65
772,firm,F6,139056100.06
772,firm,F7,74835975.70
772,firm,F8,75403191.03
772,firm,F9,143687210.35
773,agent,G0,122633.77
773,agent,G1,167302.92
773,agent,G2,211805.37
773,agent,G3,93122.34
773,agent,G4,114653.53
773,agent,G5,124205.22
773,agent,G6,147844.80
773,agent,G7,44236.61
773,agent,G8,153903.58
773,agent,G9,179913.80
773,firm,F0,149072623.30
773,firm,F1,65185018.84
773,firm,F2,111746889.26
773,firm,F3,103316418.12
773,firm,F4,129324357.74
773,firm,F5,88451825.65
773,firm,F6,139056100.06
773,firm,F7,74835975.70
773,firm,F8,75403191.03
773,firm,F9,143687210.35
774,agent,G0,122633.77
774,agent,G1,167514.51
774,agent,G2,211805.37
774,agent,G3,83116.37
774,agent,G4,122822.67
774,agent,G5,124205.22
774,agent,G6,147844.80
774,agent,G7,44236.61
774,agent,G8,153903.58
774,agent,G9,179913.80
774,firm,F0,149072623.30
774,firm,F1,65185018.84
774,firm,F2,111747266.26
774,firm,F3,103316418.12
774,firm,F4,129324357.74
774,firm,F5,88451900.63
774,firm,F6,139057650.33
774,firm,F7,74835975.70
774,firm,F8,75403191.03
774,firm,F9,143687210.35
775,agent,G0,109194.31
775,agent,G1,171581.52
775,agent,G2,211805.37
775,agent,G3,86108.82
775,agent,G4,122822.67
775,agent,G5,124205.22
775,agent,G6,158932.10
775,agent,G7,44236.61
775,agent,G8,149836.57
775,agent,G9,179913.80
775,firm,F0,149072623.30
775,firm,F1,65185018.84
775,firm,F2,111747266.26
775,firm,F3,103316418.12
775,firm,F4,129324357.74
775,firm,F5,88468558.63
775,firm,F6,139057650.33
775,firm,F7,74839497.25
775,firm,F8,75403191.03
775,firm,F9,143689562.51
776,agent,G0,109194.31
776,agent,G1,159295.38
776,agent,G2,188751.61
776,agent,G3,86108.82
776,agent,G4,122822.67
776,agent,G5,130114.09
776,agent,G6,178239.41
776,agent,G7,44236.61
776,agent,G8,145464.71
776,agent,G9,179913.80
776,firm,F0,149076369.75
776,firm,F1,65185018.84
776,firm,F2,111747266.26
776,firm,F3,103316418.12
776,firm,F4,129324357.74
776,firm,F5,88486343.76
776,firm,F6,139057650.33
776,firm,F7,74839497.25
776,firm,F8,75403191.03
776,firm,F9,143689562.51
777,agent,G0,102633.50
777,agent,G1,159295.38
777,agent,G2,199343.45
777,agent,G3,80251.06
777,agent,G4,109421.70
777,agent,G5,130114.09
777,agent,G6,178239.41
777,agent,G7,44236.61
777,agent,G8,145464.71
777,agent,G9,179913.80
777,firm,F0,149076369.75
777,firm,F1,65185018.84
777,firm,F2,111747266.26
777,firm,F3,103316418.12
777,firm,F4,129324357.74
777,firm,F5,88513586.47
777,firm,F6,139057650.33
777,firm,F7,74839497.25
777,firm,F8,75403191.03
777,firm,F9,143689562.51
778,agent,G0,102633.50
778,agent,G1,159295.38
778,agent,G2,195419.00
778,agent,G3,104216.77
778,agent,G4,109421.70
778,agent,G5,130442.82
778,agent,G6,178239.41
778,agent,G7,43907.88
778,agent,G8,144033.71
778,agent,G9,179913.80
778,firm,F0,149076369.75
778,firm,F1,65185018.84
778,firm,F2,111747266.26
778,firm,F3,103321069.41
778,firm,F4,129324357.74
778,firm,F5,88513586.47
778,firm,F6,139057650.33
778,firm,F7,74840928.25
778,firm,F8,75403191.03
778,firm,F9,143693486.96
779,agent,G0,102633.50
779,agent,G1,145295.32
779,agent,G2,195419.00
779,agent,G3,87558.77
779,agent,G4,109421.70
779,agent,G5,130442.82
779,agent,G6,178239.41
779,agent,G7,43907.88
779,agent,G8,155040.31
779,agent,G9,196579.56
779,firm,F0,149076369.75
779,firm,F1,65185018.84
779,firm,F2,111747266.26
779,firm,F3,103321069.41
779,firm,F4,129327909.98
779,firm,F5,88513586.47
779,firm,F6,139060643.79
779,firm,F7,74857586.25
779,firm,F8,75403191.03
779,firm,F9,143693486.96
780,agent,G0,102633.50
780,agent,G1,145295.32
780,agent,G2,195419.00
780,agent,G3,101470.74
780,agent,G4,109421.70
780,agent,G5,121826.44
780,agent,G6,179819.79
780,agent,G7,61791.68
780,agent,G8,155040.31
780,agent,G9,175147.44
780,firm,F0,149076369.75
780,firm,F1,65185018.84
780,firm,F2,111750010.29
780,firm,F3,103321069.41
780,firm,F4,129327909.98
780,firm,F5,88520622.47
780,firm,F6,139064192.10
780,firm,F7,74857586.25
780,firm,F8,75403191.03
780,firm,F9,143693486.96
781,agent,G0,102633.50
781,agent,G1,142626.84
781,agent,G2,213453.91
781,agent,G3,106568.87
781,agent,G4,109421.70
781,agent,G5,121826.44
781,agent,G6,179819.79
781,agent,G7,41573.68
781,agent,G8,155040.31
781,agent,G9,170049.31
781,firm,F0,149076369.75
781,firm,F1,65185018.84
781,firm,F2,111752678.77
781,firm,F3,103321069.41
781,firm,F4,129348127.98
781,firm,F5,88520622.47
781,firm,F6,139064192.10
781,firm,F7,74857586.25
781,firm,F8,75407191.12
781,firm,F9,143693486.96
782,agent,G0,102633.50
782,agent,G1,142626.84
782,agent,G2,213453.91
782,agent,G3,93737.50
782,agent,G4,119102.50
782,agent,G5,121826.44
782,agent,G6,179819.79
782,agent,G7,41573.68
782,agent,G8,155424.03
782,agent,G9,170902.09
782,firm,F0,149076369.75
782,firm,F1,65185018.84
782,firm,F2,111752678.77
782,firm,F3,103322567.41
782,firm,F4,129348127.98
782,firm,F5,88522275.04
782,firm,F6,139064192.10
782,firm,F7,74857586.25
782,firm,F8,75407452.62
782,firm,F9,143693486.96
783,agent,G0,101067.70
783,agent,G1,142626.84
783,agent,G2,213453.91
783,agent,G3,93737.50
783,agent,G4,130330.64
783,agent,G5,121826.44
783,agent,G6,179819.79
783,agent,G7,41573.68
783,agent,G8,155424.03
783,agent,G9,156289.42
783,firm,F0,149076369.75
783,firm,F1,65185018.84
783,firm,F2,111752678.77
783,firm,F3,103322567.41
783,firm,F4,129348127.98
783,firm,F5,88522275.04
783,firm,F6,139064192.10
783,firm,F7,74860970.78
783,firm,F8,75427028.62
783,firm,F9,143695052.76
784,agent,G0,101067.70
784,agent,G1,146897.13
784,agent,G2,213453.91
784,agent,G3,83433.33
784,agent,G4,130330.64
784,agent,G5,121826.44
784,agent,G6,179819.79
784,agent,G7,41573.68
784,agent,G8,171638.62
784,agent,G9,148074.75
784,firm,F0,149076369.75
784,firm,F1,65185018.84
784,firm,F2,111752678.77
784,firm,F3,103322567.41
784,firm,F4,129364785.98
784,firm,F5,88522275.04
784,firm,F6,139070496.06
784,firm,F7,74860970.78
784,firm,F8,75427028.62
784,firm,F9,143695052.76
785,agent,G0,101067.70
785,agent,G1,130860.44
785,agent,G2,213453.91
785,agent,G3,63857.33
785,agent,G4,153976.67
785,agent,G5,135169.17
785,agent,G6,179819.79
785,agent,G7,41573.68
785,agent,G8,171638.62
785,agent,G9,152559.67
785,firm,F0,149076369.75
785,firm,F1,65185018.84
785,firm,F2,111772254.77
785,firm,F3,103322567.41
785,firm,F4,129371675.03
785,firm,F5,88524969.01
785,firm,F6,139070496.06
785,firm,F7,74860970.78
785,firm,F8,75427028.62
785,firm,F9,143695052.76
786,agent,G0,101067.70
786,agent,G1,130860.44
786,agent,G2,221518.67
786,agent,G3,63857.33
786,agent,G4,145911.91
786,agent,G5,135169.17
786,agent,G6,179819.79
786,agent,G7,57429.86
786,agent,G8,153167.08
786,agent,G9,118650.63
786,firm,F0,149076369.75
786,firm,F1,65185018.84
786,firm,F2,111772254.77
786,firm,F3,103357784.45
786,firm,F4,129374290.39
786,firm,F5,88524969.01
786,firm,F6,139070496.06
786,firm,F7,74860970.78
786,firm,F8,75427028.62
786,firm,F9,143695052.76
787,agent,G0,90101.15
787,agent,G1,130860.44
787,agent,G2,221518.67
787,agent,G3,63857.33
787,agent,G4,166291.81
787,agent,G5,135169.17
787,agent,G6,187788.94
787,agent,G7,66676.84
787,agent,G8,117738.08
787,agent,G9,118650.63
787,firm,F0,149076369.75
787,firm,F1,65185018.84
787,firm,F2,111772254.77
787,firm,F3,103366583.98
787,firm,F4,129374290.39
787,firm,F5,88524969.01
787,firm,F6,139070496.06
787,firm,F7,74896399.78
787,firm,F8,75427028.62
787,firm,F9,143695052.76
788,agent,G0,90101.15
788,agent,G1,130860.44
788,agent,G2,221518.67
788,agent,G3,56845.23
788,agent,G4,120977.11
788,agent,G5,139310.71
788,agent,G6,197674.64
788,agent,G7,66676.84
788,agent,G8,123497.45
788,agent,G9,118650.63
788,firm,F0,149076369.75
788,firm,F1,65185018.84
788,firm,F2,111773277.23
788,firm,F3,103367836.70
788,firm,F4,129409719.39
788,firm,F5,88524969.01
788,firm,F6,139070496.06
788,firm,F7,74896399.78
788,firm,F8,75427028.62
788,firm,F9,143695052.76
789,agent,G0,90101.15
789,agent,G1,130860.44
789,agent,G2,221518.67
789,agent,G3,75093.07
789,agent,G4,116637.99
789,agent,G5,106811.78
789,agent,G6,197674.64
789,agent,G7,66676.84
789,agent,G8,134521.46
789,agent,G9,122989.75
789,firm,F0,149080581.91
789,firm,F1,65185018.84
789,firm,F2,111792853.23
789,firm,F3,103367836.70
789,firm,F4,129409719.39
789,firm,F5,88524969.01
789,firm,F6,139070496.06
789,firm,F7,74896399.78
789,firm,F8,75428927.53
789,firm,F9,143695052.76
790,agent,G0,81623.67
790,agent,G1,130860.44
790,agent,G2,221518.67
790,agent,G3,55517.07
790,agent,G4,111524.06
790,agent,G5,106811.78
790,agent,G6,197674.64
790,agent,G7,75062.53
790,agent,G8,134521.46
790,agent,G9,128103.69
790,firm,F0,149100157.91
790,firm,F1,65185018.84
790,firm,F2,111792853.23
790,firm,F3,103367836.70
790,firm,F4,129409719.39
790,firm,F5,88524969.01
790,firm,F6,139072034.19
790,firm,F7,74896399.78
790,firm,F8,75428927.53
790,firm,F9,143695314.41
791,agent,G0,81623.67
791,agent,G1,130860.44
791,agent,G2,221518.67
791,agent,G3,54597.16
791,agent,G4,86596.06
791,agent,G5,106811.78
791,agent,G6,197674.64
791,agent,G7,80498.75
791,agent,G8,128730.29
791,agent,G9,133894.86
791,firm,F0,149100157.91
791,firm,F1,65185018.84
791,firm,F2,111792853.23
791,firm,F3,103368869.48
791,firm,F4,129409719.39
791,firm,F5,88524969.01
791,firm,F6,139072954.09
791,firm,F7,74921327.78
791,firm,F8,75428927.53
791,firm,F9,143695314.41
792,agent,G0,81623.67
792,agent,G1,130860.44
792,agent,G2,221518.67
792,agent,G3,54597.16
792,agent,G4,86596.06
792,agent,G5,106811.78
792,agent,G6,197674.64
792,agent,G7,70233.77
792,agent,G8,119564.07
792,agent,G9,140702.92
792,firm,F0,149100157.91
792,firm,F1,65213289.82
792,firm,F2,111792853.23
792,firm,F3,103368869.48
792,firm,F4,129409719.39
792,firm,F5,88524969.01
792,firm,F6,139072954.09
792,firm,F7,74921327.78
792,firm,F8,75428927.53
792,firm,F9,143697672.57
793,agent,G0,81623.67
793,agent,G1,148809.63
793,agent,G2,221518.67
793,agent,G3,54597.16
793,agent,G4,77247.43
793,agent,G5,114782.37
793,agent,G6,197674.64
793,agent,G7,68711.68
793,agent,G8,113095.07
793,agent,G9,142225.01
793,firm,F0,149100157.91
793,firm,F1,65213289.82
793,firm,F2,111792853.23
793,firm,F3,103368869.48
793,firm,F4,129409719.39
793,firm,F5,88529041.82
793,firm,F6,139080801.14
793,firm,F7,74921327.78
793,firm,F8,75428927.53
793,firm,F9,143697672.57
794,agent,G0,81623.67
794,agent,G1,142700.57
794,agent,G2,182533.98
794,agent,G3,54597.16
794,agent,G4,77247.43
794,agent,G5,114782.37
794,agent,G6,222246.22
794,agent,G7,68711.68
794,agent,G8,113095.07
794,agent,G9,142225.01
794,firm,F0,149104250.73
794,firm,F1,65213289.82
794,firm,F2,111792853.23
794,firm,F3,103368869.48
794,firm,F4,129409719.39
794,firm,F5,88529041.82
794,firm,F6,139080801.14
794,firm,F7,74944463.12
794,firm,F8,75428927.53
794,firm,F9,143697672.57
795,agent,G0,80006.74
795,agent,G1,142700.57
795,agent,G2,182533.98
795,agent,G3,54597.16
795,agent,G4,77247.43
795,agent,G5,114782.37
795,agent,G6,222246.22
795,agent,G7,66995.51
795,agent,G8,114902.39
795,agent,G9,143941.18
795,firm,F0,149104250.73
795,firm,F1,65213289.82
795,firm,F2,111792853.23
795,firm,F3,103370486.42
795,firm,F4,129409719.39
795,firm,F5,88537500.51
795,firm,F6,139080801.14
795,firm,F7,74944463.12
795,firm,F8,75428927.53
795,firm,F9,143697672.57
796,agent,G0,74740.77
796,agent,G1,142700.57
796,agent,G2,180709.60
796,agent,G3,48608.84
796,agent,G4,77247.43
796,agent,G5,114782.37
796,agent,G6,224070.60
796,agent,G7,66995.51
796,agent,G8,114902.39
796,agent,G9,148872.28
796,firm,F0,149104250.73
796,firm,F1,65213289.82
796,firm,F2,111793910.44
796,firm,F3,103370486.42
796,firm,F4,129409719.39
796,firm,F5,88537500.51
796,firm,F6,139080801.14
796,firm,F7,74944463.12
796,firm,F8,75428927.53
796,firm,F9,143704644.54
797,agent,G0,66544.37
797,agent,G1,166528.66
797,agent,G2,180709.60
797,agent,G3,48608.84
797,agent,G4,77530.18
797,agent,G5,114782.37
797,agent,G6,224070.60
797,agent,G7,65425.07
797,agent,G8,114902.39
797,agent,G9,150442.73
797,firm,F0,149104250.73
797,firm,F1,65214734.47
797,firm,F2,111793910.44
797,firm,F3,103382655.32
797,firm,F4,129409719.39
797,firm,F5,88537500.51
797,firm,F6,139080801.14
797,firm,F7,74944463.12
797,firm,F8,75428927.53
797,firm,F9,143704644.54
798,agent,G0,66544.37
798,agent,G1,166528.66
798,agent,G2,180709.60
798,agent,G3,48608.84
798,agent,G4,77530.18
798,agent,G5,120484.73
798,agent,G6,224070.60
798,agent,G7,56018.89
798,agent,G8,114902.39
798,agent,G9,152055.36
798,firm,F0,149104250.73
798,firm,F1,65214734.47
798,firm,F2,111793910.44
798,firm,F3,103390298.73
798,firm,F4,129409719.39
798,firm,F5,88538602.29
798,firm,F6,139080801.14
798,firm,F7,74944463.12
798,firm,F8,75428927.53
798,firm,F9,143704644.54
799,agent,G0,66544.37
799,agent,G1,161577.84
799,agent,G2,201369.84
799,agent,G3,48608.84
799,agent,G4,77530.18
799,agent,G5,120484.73
799,agent,G6,203877.38
799,agent,G7,56018.89
799,agent,G8,114902.39
799,agent,G9,132628.26
799,firm,F0,149126793.83
799,firm,F1,65214734.47
799,firm,F2,111798394.25
799,firm,F3,103390298.73
799,firm,F4,129409719.39
799,firm,F5,88538602.29
799,firm,F6,139080801.14
799,firm,F7,74944463.12
799,firm,F8,75428927.53
799,firm,F9,143704644.54
800,agent,G0,66129.56
800,agent,G1,161577.84
800,agent,G2,208452.92
800,agent,G3,48608.84
800,agent,G4,69439.07
800,agent,G5,120484.73
800,agent,G6,208374.99
800,agent,G7,54312.89
800,agent,G8,114902.39
800,agent,G9,132628.26
800,firm,F0,149126793.83
800,firm,F1,65214734.47
800,firm,F2,111798394.25
800,firm,F3,103390298.73
800,firm,F4,129409719.39
800,firm,F5,88541731.13
800,firm,F6,139080801.14
800,firm,F7,74944463.12
800,firm,F8,75429814.92
800,firm,F9,143704644.54
801,agent,G0,66129.56
801,agent,G1,144207.23
801,agent,G2,208452.92
801,agent,G3,48608.84
801,agent,G4,69439.07
801,agent,G5,126762.42
801,agent,G6,201719.23
801,agent,G7,54312.89
801,agent,G8,114902.39
801,agent,G9,148843.98
801,firm,F0,149126793.83
801,firm,F1,65216267.77
801,firm,F2,111798394.25
801,firm,F3,103390298.73
801,firm,F4,129409719.39
801,firm,F5,88541731.13
801,firm,F6,139080801.14
801,firm,F7,74944463.12
801,firm,F8,75435199.92
801,firm,F9,143707070.20
802,agent,G0,82212.11
802,agent,G1,128538.32
802,agent,G2,206746.92
802,agent,G3,48608.84
802,agent,G4,69844.16
802,agent,G5,139934.96
802,agent,G6,201719.23
802,agent,G7,54312.89
802,agent,G8,114902.39
802,agent,G9,148843.98
802,firm,F0,149129290.19
802,firm,F1,65216267.77
802,firm,F2,111798394.25
802,firm,F3,103390298.73
802,firm,F4,129409719.39
802,firm,F5,88541731.13
802,firm,F6,139080801.14
802,firm,F7,74946169.12
802,firm,F8,75438491.28
802,firm,F9,143707070.20
803,agent,G0,60190.11
803,agent,G1,123638.40
803,agent,G2,211691.92
803,agent,G3,48608.84
803,agent,G4,69844.16
803,agent,G5,149403.55
803,agent,G6,206619.15
803,agent,G7,48395.31
803,agent,G8,114902.39
803,agent,G9,148843.98
803,firm,F0,149130262.76
803,firm,F1,65216267.77
803,firm,F2,111798394.25
803,firm,F3,103390298.73
803,firm,F4,129409719.39
803,firm,F5,88544004.55
803,firm,F6,139080801.14
803,firm,F7,74946169.12
803,firm,F8,75438491.28
803,firm,F9,143729092.20
804,agent,G0,55551.88
804,agent,G1,131828.86
804,agent,G2,216330.15
804,agent,G3,47827.48
804,agent,G4,69844.16
804,agent,G5,129624.55
804,agent,G6,206619.15
804,agent,G7,48395.31
804,agent,G8,114902.39
804,agent,G9,148843.98
804,firm,F0,149130262.76
804,firm,F1,65217049.13
804,firm,F2,111798394.25
804,firm,F3,103390298.73
804,firm,F4,129409719.39
804,firm,F5,88563783.55
804,firm,F6,139080801.14
804,firm,F7,74946169.12
804,firm,F8,75440092.82
804,firm,F9,143729092.20
805,agent,G0,49562.07
805,agent,G1,131204.75
805,agent,G2,216330.15
805,agent,G3,47827.48
805,agent,G4,69844.16
805,agent,G5,127558.24
805,agent,G6,206619.15
805,agent,G7,48395.31
805,agent,G8,114902.39
805,agent,G9,154294.11
805,firm,F0,149130262.76
805,firm,F1,65217918.37
805,firm,F2,111798394.25
805,firm,F3,103398109.73
805,firm,F4,129409719.39
805,firm,F5,88563783.55
805,firm,F6,139080801.14
805,firm,F7,74946169.12
805,firm,F8,75440092.82
805,firm,F9,143730397.06
806,agent,G0,49562.07
806,agent,G1,126079.23
806,agent,G2,216330.15
806,agent,G3,24446.75
806,agent,G4,69844.16
806,agent,G5,127558.24
806,agent,G6,211744.67
806,agent,G7,50879.51
806,agent,G8,114902.39
806,agent,G9,154294.11
806,firm,F0,149130262.76
806,firm,F1,65218440.60
806,firm,F2,111798394.25
806,firm,F3,103398109.73
806,firm,F4,129432131.69
806,firm,F5,88563783.55
806,firm,F6,139080801.14
806,firm,F7,74946169.12
806,firm,F8,75440092.82
806,firm,F9,143730397.06
807,agent,G0,49562.07
807,agent,G1,120275.82
807,agent,G2,217604.50
807,agent,G3,24446.75
807,agent,G4,69844.16
807,agent,G5,127558.24
807,agent,G6,217548.08
807,agent,G7,50879.51
807,agent,G8,102506.00
807,agent,G9,142856.21
807,firm,F0,149130262.76
807,firm,F1,65218440.60
807,firm,F2,111798394.25
807,firm,F3,103398109.73
807,firm,F4,129432131.69
807,firm,F5,88565595.84
807,firm,F6,139080801.14
807,firm,F7,74946169.12
807,firm,F8,75440092.82
807,firm,F9,143752707.72
808,agent,G0,49562.07
808,agent,G1,120275.82
808,agent,G2,215670.24
808,agent,G3,24446.75
808,agent,G4,69844.16
808,agent,G5,127558.24
808,agent,G6,217548.08
808,agent,G7,51250.77
808,agent,G8,102506.00
808,agent,G9,141544.91
808,firm,F0,149130262.76
808,firm,F1,65218440.60
808,firm,F2,111798394.25
808,firm,F3,103398109.73
808,firm,F4,129432393.65
808,firm,F5,88565595.84
808,firm,F6,139080801.14
808,firm,F7,74946169.12
808,firm,F8,75442619.15
808,firm,F9,143754270.72
809,agent,G0,51832.36
809,agent,G1,111682.87
809,agent,G2,215670.24
809,agent,G3,24446.75
809,agent,G4,69844.16
809,agent,G5,127558.24
809,agent,G6,217548.08
809,agent,G7,45660.64
809,agent,G8,107166.02
809,agent,G9,141544.91
809,firm,F0,149140855.43
809,firm,F1,65218440.60
809,firm,F2,111798394.25
809,firm,F3,103398109.73
809,firm,F4,129432393.65
809,firm,F5,88566525.96
809,firm,F6,139080801.14
809,firm,F7,74946169.12
809,firm,F8,75442619.15
809,firm,F9,143754270.72
810,agent,G0,51832.36
810,agent,G1,111682.87
810,agent,G2,235433.56
810,agent,G3,24446.75
810,agent,G4,69844.16
810,agent,G5,115483.33
810,agent,G6,193801.78
810,agent,G7,45660.64
810,agent,G8,107166.02
810,agent,G9,149250.58
810,firm,F0,149140855.43
810,firm,F1,65246453.60
810,firm,F2,111798394.25
810,firm,F3,103398109.73
810,firm,F4,129432393.65
810,firm,F5,88566525.96
810,firm,F6,139084784.11
810,firm,F7,74950538.36
810,firm,F8,75442619.15
810,firm,F9,143754270.72
811,agent,G0,51832.36
811,agent,G1,84238.98
811,agent,G2,235433.56
811,agent,G3,24446.75
811,agent,G4,69844.16
811,agent,G5,115483.33
811,agent,G6,195607.53
811,agent,G7,47873.43
811,agent,G8,107166.02
811,agent,G9,149250.58
811,firm,F0,149140855.43
811,firm,F1,65246453.60
811,firm,F2,111798394.25
811,firm,F3,103398506.94
811,firm,F4,129432393.65
811,firm,F5,88588547.96
811,firm,F6,139084784.11
811,firm,F7,74954154.50
811,firm,F8,75442619.15
811,firm,F9,143754270.72
812,agent,G0,46196.93
812,agent,G1,84238.98
812,agent,G2,235433.56
812,agent,G3,24446.75
812,agent,G4,69844.16
812,agent,G5,108930.47
812,agent,G6,195607.53
812,agent,G7,47873.43
812,agent,G8,116917.27
812,agent,G9,132521.48
812,firm,F0,149140855.43
812,firm,F1,65246453.60
812,firm,F2,111798394.25
812,firm,F3,103398506.94
812,firm,F4,129462173.40
812,firm,F5,88589452.34
812,firm,F6,139084784.11
812,firm,F7,74954154.50
812,firm,F8,75442619.15
812,firm,F9,143754270.72
813,agent,G0,46196.93
813,agent,G1,84238.98
813,agent,G2,235433.56
813,agent,G3,24446.75
813,agent,G4,51271.45
813,agent,G5,102234.22
813,agent,G6,195607.53
813,agent,G7,58507.79
813,agent,G8,104168.17
813,agent,G9,139217.73
813,firm,F0,149140855.43
813,firm,F1,65246453.60
813,firm,F2,111798394.25
813,firm,F3,103400621.67
813,firm,F4,129462173.40
813,firm,F5,88589452.34
813,firm,F6,139115053.82
813,firm,F7,74954154.50
813,firm,F8,75442619.15
813,firm,F9,143754270.72
814,agent,G0,41987.33
814,agent,G1,84238.98
814,agent,G2,235433.56
814,agent,G3,24446.75
814,agent,G4,51271.45
814,agent,G5,102234.22
814,agent,G6,195607.53
814,agent,G7,61181.01
814,agent,G8,116817.60
814,agent,G9,124023.61
814,firm,F0,149140855.43
814,firm,F1,65246453.60
814,firm,F2,111798394.25
814,firm,F3,103400621.67
814,firm,F4,129462173.40
814,firm,F5,88589452.34
814,firm,F6,139126794.19
814,firm,F7,74956699.20
814,firm,F8,75442619.15
814,firm,F9,143754270.72
815,agent,G0,27174.77
815,agent,G1,84238.98
815,agent,G2,235433.56
815,agent,G3,27246.05
815,agent,G4,62718.51
815,agent,G5,105403.82
815,agent,G6,195607.53
815,agent,G7,61181.01
815,agent,G8,113648.00
815,agent,G9,124023.61
815,firm,F0,149140855.43
815,firm,F1,65246453.60
815,firm,F2,111798394.25
815,firm,F3,103400621.67
815,firm,F4,129464963.33
815,firm,F5,88589452.34
815,firm,F6,139126794.19
815,firm,F7,74956699.20
815,firm,F8,75454137.15
815,firm,F9,143754765.98
816,agent,G0,27174.77
816,agent,G1,84238.98
816,agent,G2,235433.56
816,agent,G3,32553.02
816,agent,G4,58961.61
816,agent,G5,105403.82
816,agent,G6,206183.21
816,agent,G7,46944.01
816,agent,G8,104499.61
816,agent,G9,124023.61
816,firm,F0,149140855.43
816,firm,F1,65246453.60
816,firm,F2,111798394.25
816,firm,F3,103414858.67
816,firm,F4,129466110.37
816,firm,F5,88589452.34
816,firm,F6,139126794.19
816,firm,F7,74956699.20
816,firm,F8,75454137.15
816,firm,F9,143757095.59
817,agent,G0,27174.77
817,agent,G1,84238.98
817,agent,G2,235433.56
817,agent,G3,24657.94
817,agent,G4,60402.68
817,agent,G5,105403.82
817,agent,G6,206183.21
817,agent,G7,46944.01
817,agent,G8,104499.61
817,agent,G9,154943.14
817,firm,F0,149140855.43
817,firm,F1,65246453.60
817,firm,F2,111800943.97
817,firm,F3,103414858.67
817,firm,F4,129480530.11
817,firm,F5,88589452.34
817,firm,F6,139126794.19
817,firm,F7,74956699.20
817,firm,F8,75454137.15
817,firm,F9,143757095.59
818,agent,G0,51489.00
818,agent,G1,72720.98
818,agent,G2,235433.56
818,agent,G3,24657.94
818,agent,G4,60402.68
818,agent,G5,108517.17
818,agent,G6,183553.74
818,agent,G7,46944.01
818,agent,G8,101386.26
818,agent,G9,154943.14
818,firm,F0,149140855.43
818,firm,F1,65247654.54
818,firm,F2,111800943.97
818,firm,F3,103414858.67
818,firm,F4,129480530.11
818,firm,F5,88589452.34
818,firm,F6,139126794.19
818,firm,F7,74956699.20
818,firm,F8,75469677.45
818,firm,F9,143757095.59
819,agent,G0,51489.00
819,agent,G1,72720.98
819,agent,G2,209805.79
819,agent,G3,24657.94
819,agent,G4,60402.68
819,agent,G5,114085.94
819,agent,G6,205012.69
819,agent,G7,46944.01
819,agent,G8,91559.26
819,agent,G9,157326.58
819,firm,F0,149142730.22
819,firm,F1,65247654.54
819,firm,F2,111800943.97
819,firm,F3,103414858.67
819,firm,F4,129490357.11
819,firm,F5,88589452.34
819,firm,F6,139126794.19
819,firm,F7,74956699.20
819,firm,F8,75473846.28
819,firm,F9,143757095.59
820,agent,G0,51489.00
820,agent,G1,72720.98
820,agent,G2,210809.83
820,agent,G3,21993.11
820,agent,G4,42914.66
820,agent,G5,114085.94
820,agent,G6,205012.69
820,agent,G7,49210.77
820,agent,G8,94810.28
820,agent,G9,157326.58
820,firm,F0,149142730.22
820,firm,F1,65247654.54
820,firm,F2,111800943.97
820,firm,F3,103414858.67
820,firm,F4,129504594.11
820,firm,F5,88589452.34
820,firm,F6,139126794.19
820,firm,F7,74957097.28
820,firm,F8,75474084.24
820,firm,F9,143757095.59
821,agent,G0,51489.00
821,agent,G1,72720.98
821,agent,G2,208045.29
821,agent,G3,21993.11
821,agent,G4,47404.17
821,agent,G5,111833.29
821,agent,G6,205012.69
821,agent,G7,43858.13
821,agent,G8,94810.28
821,agent,G9,159579.23
821,firm,F0,149142730.22
821,firm,F1,65247654.54
821,firm,F2,111800943.97
821,firm,F3,103414858.67
821,firm,F4,129505457.24
821,firm,F5,88589452.34
821,firm,F6,139126794.19
821,firm,F7,74957097.28
821,firm,F8,75474084.24
821,firm,F9,143768440.12
822,agent,G0,45867.70
822,agent,G1,72720.98
822,agent,G2,208045.29
822,agent,G3,21993.11
822,agent,G4,47404.17
822,agent,G5,99318.95
822,agent,G6,212463.01
822,agent,G7,43858.13
822,agent,G8,94810.28
822,agent,G9,162266.57
822,firm,F0,149142730.22
822,firm,F1,65247654.54
822,firm,F2,111800943.97
822,firm,F3,103414858.67
822,firm,F4,129505457.24
822,firm,F5,88589452.34
822,firm,F6,139126794.19
822,firm,F7,74966924.28
822,firm,F8,75475668.21
822,firm,F9,143768440.12
823,agent,G0,45867.70
823,agent,G1,72720.98
823,agent,G2,217214.53
823,agent,G3,21993.11
823,agent,G4,47404.17
823,agent,G5,56894.36
823,agent,G6,212463.01
823,agent,G7,43858.13
823,agent,G8,96029.43
823,agent,G9,153097.33
823,firm,F0,149184165.22
823,firm,F1,65247654.54
823,firm,F2,111800943.97
823,firm,F3,103415848.26
823,firm,F4,129505457.24
823,firm,F5,88589452.34
823,firm,F6,139126794.19
823,firm,F7,74966924.28
823,firm,F8,75475914.07
823,firm,F9,143768440.12
824,agent,G0,45867.70
824,agent,G1,72720.98
824,agent,G2,217214.53
824,agent,G3,22372.92
824,agent,G4,47404.17
824,agent,G5,55990.05
824,agent,G6,215467.45
824,agent,G7,43858.13
824,agent,G8,95649.61
824,agent,G9,153097.33
824,firm,F0,149184165.22
824,firm,F1,65247654.54
824,firm,F2,111800943.97
824,firm,F3,103415848.26
824,firm,F4,129505457.24
824,firm,F5,88589452.34
824,firm,F6,139129149.76
824,firm,F7,74967828.60
824,firm,F8,75475914.07
824,firm,F9,143768440.12
825,agent,G0,42454.70
825,agent,G1,72720.98
825,agent,G2,217214.53
825,agent,G3,23291.72
825,agent,G4,61490.82
825,agent,G5,55990.05
825,agent,G6,214657.57
825,agent,G7,43858.13
825,agent,G8,95649.61
825,agent,G9,136564.51
825,firm,F0,149184165.22
825,firm,F1,65251067.54
825,firm,F2,111800943.97
825,firm,F3,103415869.35
825,firm,F4,129505457.24
825,firm,F5,88589452.34
825,firm,F6,139131595.92
825,firm,F7,74967828.60
825,firm,F8,75475914.07
825,firm,F9,143768440.12
826,agent,G0,42454.70
826,agent,G1,72720.98
826,agent,G2,216878.82
826,agent,G3,23194.03
826,agent,G4,68187.62
826,agent,G5,55990.05
826,agent,G6,214657.57
826,agent,G7,43858.13
826,agent,G8,95649.61
826,agent,G9,136564.51
826,firm,F0,149184165.22
826,firm,F1,65251067.54
826,firm,F2,111800943.97
826,firm,F3,103418694.55
826,firm,F4,129505457.24
826,firm,F5,88589452.34
826,firm,F6,139131595.92
826,firm,F7,74967828.60
826,firm,F8,75475914.07
826,firm,F9,143768873.53
827,agent,G0,47854.35
827,agent,G1,76766.25
827,agent,G2,216878.82
827,agent,G3,23194.03
827,agent,G4,68187.62
827,agent,G5,55990.05
827,agent,G6,214627.63
827,agent,G7,39131.77
827,agent,G8,95649.61
827,agent,G9,136564.51
827,firm,F0,149184846.30
827,firm,F1,65252194.84
827,firm,F2,111800943.97
827,firm,F3,103418694.55
827,firm,F4,129505457.24
827,firm,F5,88589452.34
827,firm,F6,139131595.92
827,firm,F7,74967828.60
827,firm,F8,75475914.07
827,firm,F9,143768873.53
828,agent,G0,42612.22
828,agent,G1,76766.25
828,agent,G2,221207.57
828,agent,G3,23194.03
828,agent,G4,68187.62
828,agent,G5,58016.38
828,agent,G6,205541.63
828,agent,G7,39131.77
828,agent,G8,95649.61
828,agent,G9,142006.77
828,firm,F0,149184846.30
828,firm,F1,65252194.84
828,firm,F2,111800943.97
828,firm,F3,103419607.93
828,firm,F4,129505457.24
828,firm,F5,88589452.34
828,firm,F6,139131595.92
828,firm,F7,74967828.60
828,firm,F8,75486617.47
828,firm,F9,143768873.53
829,agent,G0,37941.89
829,agent,G1,76766.25
829,agent,G2,220910.77
829,agent,G3,23490.83
829,agent,G4,68187.62
829,agent,G5,58016.38
829,agent,G6,209393.74
829,agent,G7,39131.77
829,agent,G8,95649.61
829,agent,G9,143264.49
829,firm,F0,149185386.59
829,firm,F1,65252194.84
829,firm,F2,111800943.97
829,firm,F3,103419607.93
829,firm,F4,129505457.24
829,firm,F5,88589452.34
829,firm,F6,139132414.14
829,firm,F7,74967828.60
829,firm,F8,75487859.47
829,firm,F9,143768873.53
830,agent,G0,41589.19
830,agent,G1,76766.25
830,agent,G2,220910.77
830,agent,G3,23888.20
830,agent,G4,68187.62
830,agent,G5,58016.38
830,agent,G6,209393.74
830,agent,G7,38512.84
830,agent,G8,95252.24
830,agent,G9,141799.49
830,firm,F0,149185386.59
830,firm,F1,65253473.47
830,firm,F2,111800943.97
830,firm,F3,103419607.93
830,firm,F4,129506922.24
830,firm,F5,88589452.34
830,firm,F6,139132414.14
830,firm,F7,74967828.60
830,firm,F8,75487859.47
830,firm,F9,143768873.53
831,agent,G0,37114.30
831,agent,G1,76766.25
831,agent,G2,224753.72
831,agent,G3,24252.72
831,agent,G4,68187.62
831,agent,G5,58016.38
831,agent,G6,207928.74
831,agent,G7,44619.56
831,agent,G8,94887.72
831,agent,G9,141799.49
831,firm,F0,149185386.59
831,firm,F1,65254675.75
831,firm,F2,111800943.97
831,firm,F3,103421072.93
831,firm,F4,129506922.24
831,firm,F5,88590084.27
831,firm,F6,139132414.14
831,firm,F7,74967828.60
831,firm,F8,75487859.47
831,firm,F9,143768873.53
832,agent,G0,37868.41
832,agent,G1,76766.25
832,agent,G2,237707.33
832,agent,G3,30492.82
832,agent,G4,60790.20
832,agent,G5,58016.38
832,agent,G6,207928.74
832,agent,G7,41579.56
832,agent,G8,94887.72
832,agent,G9,141045.38
832,firm,F0,149185386.59
832,firm,F1,65257715.75
832,firm,F2,111803990.36
832,firm,F3,103421072.93
832,firm,F4,129506922.24
832,firm,F5,88590084.27
832,firm,F6,139132414.14
832,firm,F7,74968985.92
832,firm,F8,75487859.47
832,firm,F9,143768873.53
833,agent,G0,40814.98
833,agent,G1,76766.25
833,agent,G2,237707.33
833,agent,G3,30492.82
833,agent,G4,60790.20
833,agent,G5,51674.42
833,agent,G6,207928.74
833,agent,G7,41579.56
833,agent,G8,94887.72
833,agent,G9,140640.47
833,firm,F0,149185386.59
833,firm,F1,65260755.75
833,firm,F2,111805071.02
833,firm,F3,103421134.59
833,firm,F4,129506922.24
833,firm,F5,88590084.27
833,firm,F6,139132414.14
833,firm,F7,74968985.92
833,firm,F8,75487859.47
833,firm,F9,143768873.53
834,agent,G0,40814.98
834,agent,G1,76766.25
834,agent,G2,230471.90
834,agent,G3,30492.82
834,agent,G4,66473.20
834,agent,G5,46012.68
834,agent,G6,212601.89
834,agent,G7,41579.56
834,agent,G8,94887.72
834,agent,G9,140640.47
834,firm,F0,149185386.59
834,firm,F1,65260755.75
834,firm,F2,111814627.02
834,firm,F3,103421134.59
834,firm,F4,129507910.83
834,firm,F5,88590084.27
834,firm,F6,139132414.14
834,firm,F7,74970538.34
834,firm,F8,75487859.47
834,firm,F9,143768873.53
835,agent,G0,40814.98
835,agent,G1,76766.25
835,agent,G2,230151.32
835,agent,G3,37364.75
835,agent,G4,63707.83
835,agent,G5,46012.68
835,agent,G6,212601.89
835,agent,G7,41579.56
835,agent,G8,94887.72
835,agent,G9,139398.47
835,firm,F0,149185386.59
835,firm,F1,65261747.34
835,firm,F2,111814627.02
835,firm,F3,103422376.59
835,firm,F4,129507910.83
835,firm,F5,88590084.27
835,firm,F6,139132414.14
835,firm,F7,74971724.78
835,firm,F8,75487859.47
835,firm,F9,143768873.53
836,agent,G0,40814.98
836,agent,G1,76766.25
836,agent,G2,230151.32
836,agent,G3,37699.96
836,agent,G4,83320.86
836,agent,G5,53845.87
836,agent,G6,189694.55
836,agent,G7,41579.56
836,agent,G8,94552.51
836,agent,G9,139398.47
836,firm,F0,149188680.90
836,firm,F1,65261747.34
836,firm,F2,111814627.02
836,firm,F3,103422376.59
836,firm,F4,129511286.64
836,firm,F5,88590084.27
836,firm,F6,139132414.14
836,firm,F7,74971724.78
836,firm,F8,75487859.47
836,firm,F9,143768873.53
837,agent,G0,46597.55
837,agent,G1,76766.25
837,agent,G2,230151.32
837,agent,G3,37699.96
837,agent,G4,75720.70
837,agent,G5,48056.14
837,agent,G6,189694.55
837,agent,G7,41579.56
837,agent,G8,94552.51
837,agent,G9,144377.91
837,firm,F0,149188680.90
837,firm,F1,65267711.34
837,firm,F2,111814627.02
837,firm,F3,103422376.59
837,firm,F4,129511286.64
837,firm,F5,88590084.27
837,firm,F6,139132414.14
837,firm,F7,74973559.66
837,firm,F8,75487859.47
837,firm,F9,143768873.53
838,agent,G0,50367.08
838,agent,G1,76766.25
838,agent,G2,229823.27
838,agent,G3,38028.01
838,agent,G4,75720.70
838,agent,G5,48056.14
838,agent,G6,189694.55
838,agent,G7,37033.18
838,agent,G8,96951.90
838,agent,G9,144377.91
838,firm,F0,149188680.90
838,firm,F1,65267711.34
838,firm,F2,111814627.02
838,firm,F3,103422376.59
838,firm,F4,129511286.64
838,firm,F5,88590734.88
838,firm,F6,139132414.14
838,firm,F7,74973559.66
838,firm,F8,75489101.47
838,firm,F9,143769650.39
839,agent,G0,49045.92
839,agent,G1,76766.25
839,agent,G2,233346.44
839,agent,G3,41443.36
839,agent,G4,75720.70
839,agent,G5,48056.14
839,agent,G6,189694.55
839,agent,G7,34206.63
839,agent,G8,91780.90
839,agent,G9,144377.91
839,firm,F0,149189501.54
839,firm,F1,65267711.34
839,firm,F2,111814627.02
839,firm,F3,103422376.59
839,firm,F4,129511286.64
839,firm,F5,88595905.88
839,firm,F6,139132414.14
839,firm,F7,74973559.66
839,firm,F8,75489726.01
839,firm,F9,143769650.39
840,agent,G0,49825.49
840,agent,G1,76766.25
840,agent,G2,233346.44
840,agent,G3,41443.36
840,agent,G4,93081.32
840,agent,G5,48056.14
840,agent,G6,169116.25
840,agent,G7,34206.63
840,agent,G8,91780.90
840,agent,G9,147270.54
840,firm,F0,149194193.34
840,firm,F1,65267711.34
840,firm,F2,111814627.02
840,firm,F3,103422376.59
840,firm,F4,129514504.32
840,firm,F5,88595905.88
840,firm,F6,139132414.14
840,firm,F7,74973559.66
840,firm,F8,75489726.01
840,firm,F9,143769650.39
841,agent,G0,43520.49
841,agent,G1,76766.25
841,agent,G2,233346.44
841,agent,G3,41443.36
841,agent,G4,101419.17
841,agent,G5,48056.14
841,agent,G6,169116.25
841,agent,G7,35528.92
841,agent,G8,81762.58
841,agent,G9,147270.54
841,firm,F0,149194193.34
841,firm,F1,65267711.34
841,firm,F2,111814627.02
841,firm,F3,103422376.59
841,firm,F4,129514504.32
841,firm,F5,88595905.88
841,firm,F6,139132414.14
841,firm,F7,74978768.38
841,firm,F8,75489726.01
841,firm,F9,143771330.86
842,agent,G0,43458.73
842,agent,G1,76766.25
842,agent,G2,233120.44
842,agent,G3,54692.49
842,agent,G4,101419.17
842,agent,G5,48056.14
842,agent,G6,169116.25
842,agent,G7,35528.92
842,agent,G8,72877.01
842,agent,G9,147270.54
842,firm,F0,149194193.34
842,firm,F1,65267711.34
842,firm,F2,111814627.02
842,firm,F3,103422376.59
842,firm,F4,129514504.32
842,firm,F5,88597324.50
842,firm,F6,139132414.14
842,firm,F7,74978768.38
842,firm,F8,75491274.58
842,firm,F9,143771330.86
843,agent,G0,43458.73
843,agent,G1,78932.45
843,agent,G2,241510.08
843,agent,G3,46328.49
843,agent,G4,114791.67
843,agent,G5,48056.14
843,agent,G6,169116.25
843,agent,G7,35528.92
843,agent,G8,72877.01
843,agent,G9,129455.98
843,firm,F0,149202557.34
843,firm,F1,65267711.34
843,firm,F2,111816902.88
843,firm,F3,103422376.59
843,firm,F4,129514504.32
843,firm,F5,88598962.86
843,firm,F6,139132414.14
843,firm,F7,74978768.38
843,firm,F8,75491274.58
843,firm,F9,143771330.86
844,agent,G0,43458.73
844,agent,G1,78932.45
844,agent,G2,243190.82
844,agent,G3,44427.49
844,agent,G4,114791.67
844,agent,G5,42775.99
844,agent,G6,175348.33
844,agent,G7,35528.92
844,agent,G8,72877.01
844,agent,G9,122412.98
844,firm,F0,149210549.41
844,firm,F1,65267711.34
844,firm,F2,111816902.88
844,firm,F3,103422376.59
844,firm,F4,129514504.32
844,firm,F5,88598962.86
844,firm,F6,139132717.40
844,firm,F7,74978768.38
844,firm,F8,75491274.58
844,firm,F9,143771330.86
845,agent,G0,42788.56
845,agent,G1,78932.45
845,agent,G2,245658.45
845,agent,G3,44427.49
845,agent,G4,102768.05
845,agent,G5,43784.76
845,agent,G6,175348.33
845,agent,G7,35528.92
845,agent,G8,72877.01
845,agent,G9,122412.98
845,firm,F0,149210777.63
845,firm,F1,65267711.34
845,firm,F2,111817573.05
845,firm,F3,103422376.59
845,firm,F4,129514504.32
845,firm,F5,88598962.86
845,firm,F6,139132717.40
845,firm,F7,74988324.38
845,firm,F8,75491274.58
845,firm,F9,143771330.86
846,agent,G0,42788.56
846,agent,G1,78932.45
846,agent,G2,245953.80
846,agent,G3,45709.18
846,agent,G4,102768.05
846,agent,G5,37687.58
846,agent,G6,175348.33
846,agent,G7,35528.92
846,agent,G8,72877.01
846,agent,G9,126298.64
846,firm,F0,149212014.63
846,firm,F1,65267711.34
846,firm,F2,111817573.05
846,firm,F3,103422376.59
846,firm,F4,129514504.32
846,firm,F5,88598962.86
846,firm,F6,139133396.57
846,firm,F7,74988324.38
846,firm,F8,75491525.89
846,firm,F9,143771330.86
847,agent,G0,43924.25
847,agent,G1,78932.45
847,agent,G2,252632.93
847,agent,G3,43704.64
847,agent,G4,102768.05
847,agent,G5,37687.58
847,agent,G6,175348.33
847,agent,G7,35528.92
847,agent,G8,64980.74
847,agent,G9,126298.64
847,firm,F0,149212014.63
847,firm,F1,65267711.34
847,firm,F2,111817573.05
847,firm,F3,103424462.58
847,firm,F4,129514504.32
847,firm,F5,88598962.86
847,firm,F6,139133396.57
847,firm,F7,74988324.38
847,firm,F8,75496285.89
847,firm,F9,143771330.86
848,agent,G0,35259.25
848,agent,G1,78932.45
848,agent,G2,252632.93
848,agent,G3,48908.65
848,agent,G4,102768.05
848,agent,G5,37687.58
848,agent,G6,175348.33
848,agent,G7,47024.90
848,agent,G8,67077.40
848,agent,G9,112534.89
848,firm,F0,149212014.63
848,firm,F1,65267711.34
848,firm,F2,111817573.05
848,firm,F3,103424462.58
848,firm,F4,129514504.32
848,firm,F5,88598962.86
848,firm,F6,139133396.57
848,firm,F7,74996989.38
848,firm,F8,75496285.89
848,firm,F9,143774962.94
849,agent,G0,34700.78
849,agent,G1,78932.45
849,agent,G2,243967.93
849,agent,G3,46491.47
849,agent,G4,102768.05
849,agent,G5,37687.58
849,agent,G6,175348.33
849,agent,G7,47024.90
849,agent,G8,73793.40
849,agent,G9,112534.89
849,firm,F0,149212014.63
849,firm,F1,65267711.34
849,firm,F2,111817573.05
849,firm,F3,103424462.58
849,firm,F4,129515062.79
849,firm,F5,88607627.86
849,firm,F6,139133396.57
849,firm,F7,74996989.38
849,firm,F8,75497060.07
849,firm,F9,143774962.94
850,agent,G0,35905.26
850,agent,G1,78932.45
850,agent,G2,241525.95
850,agent,G3,45286.99
850,agent,G4,102768.05
850,agent,G5,33634.79
850,agent,G6,175348.33
850,agent,G7,47024.90
850,agent,G8,73793.40
850,agent,G9,116019.62
850,firm,F0,149212014.63
850,firm,F1,65267711.34
850,firm,F2,111817573.05
850,firm,F3,103424462.58
850,firm,F4,129515062.79
850,firm,F5,88607627.86
850,firm,F6,139133396.57
850,firm,F7,74996989.38
850,firm,F8,75502922.13
850,firm,F9,143774962.94
851,agent,G0,37690.58
851,agent,G1,78932.45
851,agent,G2,215412.39
851,agent,G3,43968.49
851,agent,G4,102768.05
851,agent,G5,33634.79
851,agent,G6,175348.33
851,agent,G7,69216.53
851,agent,G8,69033.40
851,agent,G9,116019.62
851,firm,F0,149212014.63
851,firm,F1,65267711.34
851,firm,F2,111821494.98
851,firm,F3,103424462.58
851,firm,F4,129515062.79
851,firm,F5,88607627.86
851,firm,F6,139133396.57
851,firm,F7,74996989.38
851,firm,F8,75507682.13
851,firm,F9,143775060.12
852,agent,G0,38298.15
852,agent,G1,78932.45
852,agent,G2,215412.39
852,agent,G3,40913.95
852,agent,G4,102768.05
852,agent,G5,33634.79
852,agent,G6,175348.33
852,agent,G7,69216.53
852,agent,G8,69033.40
852,agent,G9,117334.97
852,firm,F0,149212014.63
852,firm,F1,65267711.34
852,firm,F2,111821494.98
852,firm,F3,103424462.58
852,firm,F4,129515812.33
852,firm,F5,88607627.86
852,firm,F6,139133396.57
852,firm,F7,74997371.45
852,firm,F8,75507682.13
852,firm,F9,143777365.12
853,agent,G0,38298.15
853,agent,G1,70361.59
853,agent,G2,219727.45
853,agent,G3,40913.95
853,agent,G4,102768.05
853,agent,G5,33634.79
853,agent,G6,175348.33
853,agent,G7,70941.39
853,agent,G8,76249.03
853,agent,G9,109945.97
853,firm,F0,149212014.63
853,firm,F1,65267711.34
853,firm,F2,111821494.98
853,firm,F3,103425811.67
853,firm,F4,129515812.33
853,firm,F5,88607627.86
853,firm,F6,139133396.57
853,firm,F7,75004760.45
853,firm,F8,75509037.36
853,firm,F9,143777365.12
854,agent,G0,38298.15
854,agent,G1,62661.30
854,agent,G2,231475.31
854,agent,G3,38929.95
854,agent,G4,102768.05
854,agent,G5,33634.79
854,agent,G6,175348.33
854,agent,G7,77313.42
854,agent,G8,76249.03
854,agent,G9,110406.78
854,firm,F0,149212014.63
854,firm,F1,65270592.67
854,firm,F2,111821494.98
854,firm,F3,103425811.67
854,firm,F4,129515812.33
854,firm,F5,88607627.86
854,firm,F6,139133396.57
854,firm,F7,75004760.45
854,firm,F8,75511021.36
854,firm,F9,143778693.38
855,agent,G0,38146.58
855,agent,G1,62661.30
855,agent,G2,231475.31
855,agent,G3,38929.95
855,agent,G4,119281.06
855,agent,G5,33634.79
855,agent,G6,161427.80
855,agent,G7,77313.42
855,agent,G8,76249.03
855,agent,G9,110558.35
855,firm,F0,149213817.47
855,firm,F1,65270592.67
855,firm,F2,111821494.98
855,firm,F3,103425811.67
855,firm,F4,129515812.33
855,firm,F5,88607627.86
855,firm,F6,139133396.57
855,firm,F7,75004760.45
855,firm,F8,75514224.04
855,firm,F9,143778693.38
856,agent,G0,38146.58
856,agent,G1,62661.30
856,agent,G2,212623.48
856,agent,G3,38929.95
856,agent,G4,129113.96
856,agent,G5,33634.79
856,agent,G6,165189.63
856,agent,G7,68853.29
856,agent,G8,76249.03
856,agent,G9,117560.90
856,firm,F0,149213817.47
856,firm,F1,65270592.67
856,firm,F2,111821494.98
856,firm,F3,103425811.67
856,firm,F4,129515812.33
856,firm,F5,88607627.86
856,firm,F6,139148486.57
856,firm,F7,75007037.54
856,firm,F8,75515681.62
856,firm,F9,143778693.38
857,agent,G0,38146.58
857,agent,G1,62661.30
857,agent,G2,194057.18
857,agent,G3,38929.95
857,agent,G4,129113.96
857,agent,G5,33634.79
857,agent,G6,150489.47
857,agent,G7,84410.01
857,agent,G8,81380.28
857,agent,G9,117560.90
857,firm,F0,149213817.47
857,firm,F1,65270592.67
857,firm,F2,111821494.98
857,firm,F3,103440901.67
857,firm,F4,129518432.06
857,firm,F5,88607627.86
857,firm,F6,139148486.57
857,firm,F7,75008094.30
857,firm,F8,75515681.62
857,firm,F9,143778693.38
858,agent,G0,38146.58
858,agent,G1,62661.30
858,agent,G2,194513.17
858,agent,G3,38216.92
858,agent,G4,113712.10
858,agent,G5,33634.79
858,agent,G6,150489.47
858,agent,G7,87701.87
858,agent,G8,81380.28
858,agent,G9,117560.90
858,firm,F0,149213817.47
858,firm,F1,65270592.67
858,firm,F2,111821494.98
858,firm,F3,103441614.70
858,firm,F4,129518432.06
858,firm,F5,88607627.86
858,firm,F6,139148486.57
858,firm,F7,75020204.30
858,firm,F8,75515779.63
858,firm,F9,143778693.38
859,agent,G0,41022.10
859,agent,G1,62661.30
859,agent,G2,194513.17
859,agent,G3,34088.76
859,agent,G4,113712.10
859,agent,G5,33634.79
859,agent,G6,150489.47
859,agent,G7,88169.88
859,agent,G8,81380.28
859,agent,G9,117560.90
859,firm,F0,149213817.47
859,firm,F1,65270592.67
859,firm,F2,111821494.98
859,firm,F3,103441614.70
859,firm,F4,129518432.06
859,firm,F5,88607627.86
859,firm,F6,139148486.57
859,firm,F7,75020817.24
859,firm,F8,75515951.32
859,firm,F9,143779567.38
860,agent,G0,41237.73
860,agent,G1,62661.30
860,agent,G2,204690.90
860,agent,G3,33214.76
860,agent,G4,124447.97
860,agent,G5,33634.79
860,agent,G6,150489.47
860,agent,G7,87954.25
860,agent,G8,81380.28
860,agent,G9,104784.59
860,firm,F0,149213817.47
860,firm,F1,65270592.67
860,firm,F2,111821494.98
860,firm,F3,103442488.70
860,firm,F4,129520530.33
860,firm,F5,88607627.86
860,firm,F6,139148486.57
860,firm,F7,75020817.24
860,firm,F8,75517991.77
860,firm,F9,143779567.38
861,agent,G0,53586.08
861,agent,G1,70065.16
861,agent,G2,204690.90
861,agent,G3,33214.76
861,agent,G4,124447.97
861,agent,G5,33634.79
861,agent,G6,150489.47
861,agent,G7,72816.85
861,agent,G8,79687.91
861,agent,G9,104784.59
861,firm,F0,149215363.01
861,firm,F1,65270592.67
861,firm,F2,111821494.98
861,firm,F3,103442488.70
861,firm,F4,129520530.33
861,firm,F5,88607627.86
861,firm,F6,139148486.57
861,firm,F7,75020817.24
861,firm,F8,75526787.79
861,firm,F9,143779567.38
862,agent,G0,50338.43
862,agent,G1,70065.16
862,agent,G2,204690.90
862,agent,G3,33214.76
862,agent,G4,158925.31
862,agent,G5,47543.46
862,agent,G6,134300.25
862,agent,G7,72816.85
862,agent,G8,66423.91
862,agent,G9,104784.59
862,firm,F0,149215363.01
862,firm,F1,65270592.67
862,firm,F2,111823775.53
862,firm,F3,103442488.70
862,firm,F4,129527176.64
862,firm,F5,88607627.86
862,firm,F6,139148486.57
862,firm,F7,75034081.24
862,firm,F8,75526787.79
862,firm,F9,143779567.38
863,agent,G0,50338.43
863,agent,G1,70065.16
863,agent,G2,214423.18
863,agent,G3,33214.76
863,agent,G4,111317.03
863,agent,G5,42340.42
863,agent,G6,134300.25
863,agent,G7,72816.85
863,agent,G8,89504.86
863,agent,G9,104784.59
863,firm,F0,149215363.01
863,firm,F1,65270592.67
863,firm,F2,111823775.53
863,firm,F3,103442488.70
863,firm,F4,129569432.34
863,firm,F5,88607627.86
863,firm,F6,139148486.57
863,firm,F7,75034081.24
863,firm,F8,75527685.17
863,firm,F9,143779567.38
864,agent,G0,46934.52
864,agent,G1,70065.16
864,agent,G2,205208.65
864,agent,G3,33214.76
864,agent,G4,102214.31
864,agent,G5,42340.42
864,agent,G6,134300.25
864,agent,G7,72816.85
864,agent,G8,89504.86
864,agent,G9,115222.15
864,firm,F0,149215363.01
864,firm,F1,65272661.74
864,firm,F2,111823775.53
864,firm,F3,103442488.70
864,firm,F4,129569432.34
864,firm,F5,88607627.86
864,firm,F6,139149464.09
864,firm,F7,75034081.24
864,firm,F8,75540949.17
864,firm,F9,143779567.38
865,agent,G0,46934.52
865,agent,G1,75679.25
865,agent,G2,210630.90
865,agent,G3,33214.76
865,agent,G4,102214.31
865,agent,G5,42340.42
865,agent,G6,134300.25
865,agent,G7,79167.35
865,agent,G8,54356.18
865,agent,G9,115222.15
865,firm,F0,149215363.01
865,firm,F1,65272661.74
865,firm,F2,111823775.53
865,firm,F3,103442488.70
865,firm,F4,129594048.85
865,firm,F5,88607627.86
865,firm,F6,139149464.09
865,firm,F7,75035038.57
865,firm,F8,75540949.17
865,firm,F9,143779567.38
866,agent,G0,31844.52
866,agent,G1,75679.25
866,agent,G2,207426.36
866,agent,G3,33214.76
866,agent,G4,102214.31
866,agent,G5,42340.42
866,agent,G6,137951.28
866,agent,G7,79167.35
866,agent,G8,48488.13
866,agent,G9,120225.33
866,firm,F0,149215363.01
866,firm,F1,65272661.74
866,firm,F2,111823775.53
866,firm,F3,103443353.57
866,firm,F4,129594048.85
866,firm,F5,88607627.86
866,firm,F6,139149464.09
866,firm,F7,75035038.57
866,firm,F8,75556125.68
866,firm,F9,143779567.38
867,agent,G0,33355.09
867,agent,G1,75679.25
867,agent,G2,192270.10
867,agent,G3,33214.76
867,agent,G4,100674.34
867,agent,G5,42340.42
867,agent,G6,137951.28
867,agent,G7,79167.35
867,agent,G8,51368.39
867,agent,G9,120225.33
867,firm,F0,149215363.01
867,firm,F1,65274201.71
867,firm,F2,111823775.53
867,firm,F3,103443353.57
867,firm,F4,129594048.85
867,firm,F5,88607627.86
867,firm,F6,139149464.09
867,firm,F7,75035306.01
867,firm,F8,75568401.68
867,firm,F9,143779567.38
868,agent,G0,32873.66
868,agent,G1,82811.28
868,agent,G2,190973.53
868,agent,G3,33214.76
868,agent,G4,100674.34
868,agent,G5,42340.42
868,agent,G6,137951.28
868,agent,G7,70465.91
868,agent,G8,51368.39
868,agent,G9,122651.80
868,firm,F0,149215363.01
868,firm,F1,65275771.12
868,firm,F2,111823775.53
868,firm,F3,103443353.57
868,firm,F4,129594048.85
868,firm,F5,88607627.86
868,firm,F6,139151242.09
868,firm,F7,75035306.01
868,firm,F8,75568852.22
868,firm,F9,143779567.38
869,agent,G0,28957.23
869,agent,G1,82811.28
869,agent,G2,191396.18
869,agent,G3,40565.06
869,agent,G4,100674.34
869,agent,G5,42340.42
869,agent,G6,137951.28
869,agent,G7,70465.91
869,agent,G8,51368.39
869,agent,G9,122651.80
869,firm,F0,149215363.01
869,firm,F1,65275771.12
869,firm,F2,111823775.53
869,firm,F3,103443353.57
869,firm,F4,129597341.98
869,firm,F5,88607627.86
869,firm,F6,139151242.09
869,firm,F7,75035306.01
869,firm,F8,75569349.56
869,firm,F9,143779567.38
870,agent,G0,25468.21
870,agent,G1,82811.28
870,agent,G2,191814.53
870,agent,G3,42650.15
870,agent,G4,100674.34
870,agent,G5,44977.53
870,agent,G6,137951.28
870,agent,G7,68687.91
870,agent,G8,51368.39
870,agent,G9,122651.80
870,firm,F0,149215363.01
870,firm,F1,65275771.12
870,firm,F2,111824209.11
870,firm,F3,103443353.57
870,firm,F4,129599119.98
870,firm,F5,88607627.86
870,firm,F6,139151242.09
870,firm,F7,75035306.01
870,firm,F8,75569349.56
870,firm,F9,143780082.29
871,agent,G0,22868.21
871,agent,G1,86107.00
871,agent,G2,191814.53
871,agent,G3,42014.91
871,agent,G4,113224.89
871,agent,G5,44977.53
871,agent,G6,122911.58
871,agent,G7,68687.91
871,agent,G8,51368.39
871,agent,G9,123287.05
871,firm,F0,149215363.01
871,firm,F1,65278260.26
871,firm,F2,111824209.11
871,firm,F3,103443353.57
871,firm,F4,129599119.98
871,firm,F5,88607627.86
871,firm,F6,139151930.37
871,firm,F7,75037906.01
871,firm,F8,75569349.56
871,firm,F9,143780082.29
872,agent,G0,22868.21
872,agent,G1,78224.65
872,agent,G2,191814.53
872,agent,G3,42736.39
872,agent,G4,113224.89
872,agent,G5,44977.53
872,agent,G6,122911.58
872,agent,G7,68687.91
872,agent,G8,59461.86
872,agent,G9,119688.56
872,firm,F0,149215363.01
872,firm,F1,65278260.26
872,firm,F2,111824209.11
872,firm,F3,103443353.57
872,firm,F4,129599119.98
872,firm,F5,88607627.86
872,firm,F6,139153276.21
872,firm,F7,75038267.04
872,firm,F8,75572226.56
872,firm,F9,143780082.29
873,agent,G0,22868.21
873,agent,G1,78224.65
873,agent,G2,191814.53
873,agent,G3,28285.39
873,agent,G4,113224.89
873,agent,G5,44977.53
873,agent,G6,131363.81
873,agent,G7,61283.09
873,agent,G8,65794.63
873,agent,G9,122938.56
873,firm,F0,149215363.01
873,firm,F1,65278260.26
873,firm,F2,111824209.11
873,firm,F3,103443353.57
873,firm,F4,129600192.03
873,firm,F5,88607627.86
873,firm,F6,139153276.21
873,firm,F7,75041015.82
873,firm,F8,75572226.56
873,firm,F9,143794533.29
874,agent,G0,34823.39
874,agent,G1,92614.93
874,agent,G2,189896.53
874,agent,G3,28819.07
874,agent,G4,113224.89
874,agent,G5,44977.53
874,agent,G6,117046.22
874,agent,G7,61283.09
874,agent,G8,65794.63
874,agent,G9,122938.56
874,firm,F0,149215363.01
874,firm,F1,65281643.31
874,firm,F2,111824209.11
874,firm,F3,103443353.57
874,firm,F4,129600192.03
874,firm,F5,88607627.86
874,firm,F6,139155194.21
874,firm,F7,75041015.82
874,firm,F8,75574588.97
874,firm,F9,143794533.29
875,agent,G0,46568.53
875,agent,G1,87643.81
875,agent,G2,189896.53
875,agent,G3,34623.88
875,agent,G4,113224.89
875,agent,G5,44977.53
875,agent,G6,104395.00
875,agent,G7,61283.09
875,agent,G8,65794.63
875,agent,G9,122938.56
875,firm,F0,149215363.01
875,firm,F1,65281643.31
875,firm,F2,111824209.11
875,firm,F3,103443353.57
875,firm,F4,129600192.03
875,firm,F5,88609521.05
875,firm,F6,139155194.21
875,firm,F7,75046192.01
875,firm,F8,75574588.97
875,firm,F9,143794533.29
876,agent,G0,47600.51
876,agent,G1,86611.83
876,agent,G2,200986.19
876,agent,G3,34623.88
876,agent,G4,113224.89
876,agent,G5,44977.53
876,agent,G6,104395.00
876,agent,G7,66529.83
876,agent,G8,65794.63
876,agent,G9,109440.51
876,firm,F0,149215363.01
876,firm,F1,65281643.31
876,firm,F2,111830049.36
876,firm,F3,103443353.57
876,firm,F4,129600192.03
876,firm,F5,88609521.05
876,firm,F6,139155194.21
876,firm,F7,75046192.01
876,firm,F8,75576997.35
876,firm,F9,143794533.29
877,agent,G0,47600.51
877,agent,G1,89097.46
877,agent,G2,200986.19
877,agent,G3,34718.81
877,agent,G4,113224.89
877,agent,G5,44977.53
877,agent,G6,92998.64
877,agent,G7,66529.83
877,agent,G8,65794.63
877,agent,G9,111350.05
877,firm,F0,149215363.01
877,firm,F1,65281643.31
877,firm,F2,111830049.36
877,firm,F3,103443353.57
877,firm,F4,129600192.03
877,firm,F5,88611434.78
877,firm,F6,139162191.21
877,firm,F7,75046192.01
877,firm,F8,75576997.35
877,firm,F9,143794920.82
878,agent,G0,47600.51
878,agent,G1,89097.46
878,agent,G2,200986.19
878,agent,G3,21156.04
878,agent,G4,113224.89
878,agent,G5,44977.53
878,agent,G6,89049.90
878,agent,G7,66529.83
878,agent,G8,65794.63
878,agent,G9,113389.37
878,firm,F0,149215363.01
878,firm,F1,65281643.31
878,firm,F2,111830232.14
878,firm,F3,103443353.57
878,firm,F4,129600192.03
878,firm,F5,88611434.78
878,firm,F6,139162191.21
878,firm,F7,75048101.43
878,firm,F8,75576997.35
878,firm,F9,143809371.82
879,agent,G0,46819.80
879,agent,G1,74646.46
879,agent,G2,200986.19
879,agent,G3,21156.04
879,agent,G4,113224.89
879,agent,G5,44977.53
879,agent,G6,85031.73
879,agent,G7,66529.83
879,agent,G8,66332.52
879,agent,G9,117407.54
879,firm,F0,149215363.01
879,firm,F1,65296094.31
879,firm,F2,111830232.14
879,firm,F3,103443353.57
879,firm,F4,129600192.03
879,firm,F5,88611434.78
879,firm,F6,139162971.92
879,firm,F7,75048101.43
879,firm,F8,75576997.35
879,firm,F9,143809479.92
880,agent,G0,46819.80
880,agent,G1,93210.87
880,agent,G2,179353.37
880,agent,G3,21055.02
880,agent,G4,113224.89
880,agent,G5,44977.53
880,agent,G6,85031.73
880,agent,G7,66529.83
880,agent,G8,66332.52
880,agent,G9,117483.84
880,firm,F0,149215363.01
880,firm,F1,65296094.31
880,firm,F2,111830232.14
880,firm,F3,103443353.57
880,firm,F4,129600192.03
880,firm,F5,88611459.50
880,firm,F6,139162971.92
880,firm,F7,75048241.43
880,firm,F8,75576997.35
880,firm,F9,143812548.33
881,agent,G0,46819.80
881,agent,G1,93210.87
881,agent,G2,190734.23
881,agent,G3,21055.02
881,agent,G4,123906.68
881,agent,G5,44977.53
881,agent,G6,72755.73
881,agent,G7,66529.83
881,agent,G8,69224.37
881,agent,G9,104668.85
881,firm,F0,149218505.30
881,firm,F1,65296094.31
881,firm,F2,111830232.14
881,firm,F3,103443353.57
881,firm,F4,129600192.03
881,firm,F5,88611459.50
881,firm,F6,139162971.92
881,firm,F7,75060517.43
881,firm,F8,75576997.35
881,firm,F9,143814681.53
882,agent,G0,46819.80
882,agent,G1,93210.87
882,agent,G2,190734.23
882,agent,G3,21055.02
882,agent,G4,123906.68
882,agent,G5,46546.29
882,agent,G6,75386.60
882,agent,G7,66529.83
882,agent,G8,69224.37
882,agent,G9,97538.85
882,firm,F0,149218505.30
882,firm,F1,65297608.14
882,firm,F2,111830232.14
882,firm,F3,103443353.57
882,firm,F4,129600192.03
882,firm,F5,88618589.50
882,firm,F6,139162971.92
882,firm,F7,75061933.95
882,firm,F8,75576997.35
882,firm,F9,143814681.53
883,agent,G0,46819.80
883,agent,G1,93210.87
883,agent,G2,202168.97
883,agent,G3,21213.25
883,agent,G4,110560.08
883,agent,G5,51676.18
883,agent,G6,75386.60
883,agent,G7,66529.83
883,agent,G8,68420.14
883,agent,G9,97538.85
883,firm,F0,149220417.17
883,firm,F1,65297608.14
883,firm,F2,111831194.25
883,firm,F3,103443353.57
883,firm,F4,129600192.03
883,firm,F5,88618589.50
883,firm,F6,139162971.92
883,firm,F7,75061933.95
883,firm,F8,75576997.35
883,firm,F9,143815327.53
884,agent,G0,46819.80
884,agent,G1,91458.88
884,agent,G2,202168.97
884,agent,G3,19067.93
884,agent,G4,110560.08
884,agent,G5,53388.07
884,agent,G6,73674.71
884,agent,G7,66529.83
884,agent,G8,68420.14
884,agent,G9,97538.85
884,firm,F0,149221566.48
884,firm,F1,65297608.14
884,firm,F2,111838324.25
884,firm,F3,103443353.57
884,firm,F4,129600192.03
884,firm,F5,88618589.50
884,firm,F6,139162971.92
884,firm,F7,75061933.95
884,firm,F8,75576997.35
884,firm,F9,143817079.52
885,agent,G0,57717.52
885,agent,G1,91458.88
885,agent,G2,202168.97
885,agent,G3,19067.93
885,agent,G4,110560.08
885,agent,G5,46241.19
885,agent,G6,67582.71
885,agent,G7,66529.83
885,agent,G8,73142.17
885,agent,G9,99027.96
885,firm,F0,149221566.48
885,firm,F1,65297608.14
885,firm,F2,111838324.25
885,firm,F3,103443353.57
885,firm,F4,129600192.03
885,firm,F5,88618589.50
885,firm,F6,139162971.92
885,firm,F7,75068025.95
885,firm,F8,75577933.09
885,firm,F9,143819206.81
886,agent,G0,51625.52
886,agent,G1,91458.88
886,agent,G2,207957.41
886,agent,G3,19067.93
886,agent,G4,110560.08
886,agent,G5,44627.31
886,agent,G6,60170.05
886,agent,G7,66529.83
886,agent,G8,73142.17
886,agent,G9,106745.73
886,firm,F0,149222950.04
886,firm,F1,65297608.14
886,firm,F2,111838324.25
886,firm,F3,103443353.57
886,firm,F4,129600192.03
886,firm,F5,88619898.28
886,firm,F6,139162971.92
886,firm,F7,75068025.95
886,firm,F8,75577933.09
886,firm,F9,143825298.81
887,agent,G0,51625.52
887,agent,G1,91458.88
887,agent,G2,207957.41
887,agent,G3,19067.93
887,agent,G4,110560.08
887,agent,G5,42633.48
887,agent,G6,66777.30
887,agent,G7,67651.87
887,agent,G8,65120.99
887,agent,G9,106745.73
887,firm,F0,149222950.04
887,firm,F1,65297608.14
887,firm,F2,111838324.25
887,firm,F3,103443353.57
887,firm,F4,129600192.03
887,firm,F5,88621312.21
887,firm,F6,139162971.92
887,firm,F7,75073384.74
887,firm,F8,75577933.09
887,firm,F9,143825298.81
888,agent,G0,57746.08
888,agent,G1,91458.88
888,agent,G2,201823.41
888,agent,G3,17484.65
888,agent,G4,110560.08
888,agent,G5,42633.48
888,agent,G6,66777.30
888,agent,G7,60242.05
888,agent,G8,65120.99
888,agent,G9,109997.14
888,firm,F0,149222950.04
888,firm,F1,65297608.14
888,firm,F2,111838709.13
888,firm,F3,103443353.57
888,firm,F4,129606326.03
888,firm,F5,88622601.47
888,firm,F6,139162971.92
888,firm,F7,75073384.74
888,firm,F8,75577933.09
888,firm,F9,143825298.81
889,agent,G0,57746.08
889,agent,G1,93054.12
889,agent,G2,201823.41
889,agent,G3,15582.96
889,agent,G4,115496.95
889,agent,G5,34885.83
889,agent,G6,66777.30
889,agent,G7,60242.05
889,agent,G8,65120.99
889,agent,G9,111652.78
889,firm,F0,149222950.04
889,firm,F1,65297608.14
889,firm,F2,111845107.59
889,firm,F3,103443353.57
889,firm,F4,129606326.03
889,firm,F5,88623548.60
889,firm,F6,139162971.92
889,firm,F7,75073384.74
889,firm,F8,75577933.09
889,firm,F9,143825298.81
890,agent,G0,59909.06
890,agent,G1,93054.12
890,agent,G2,203515.04
890,agent,G3,15582.96
890,agent,G4,115496.95
890,agent,G5,34885.83
890,agent,G6,66777.30
890,agent,G7,64939.80
890,agent,G8,65120.99
890,agent,G9,99581.86
890,firm,F0,149231518.04
890,firm,F1,65297608.14
890,firm,F2,111845107.59
890,firm,F3,103443353.57
890,firm,F4,129606326.03
890,firm,F5,88623548.60
890,firm,F6,139164783.22
890,firm,F7,75073384.74
890,firm,F8,75579640.36
890,firm,F9,143825298.81
891,agent,G0,60646.57
891,agent,G1,93054.12
891,agent,G2,203515.04
891,agent,G3,7990.65
891,agent,G4,115496.95
891,agent,G5,34885.83
891,agent,G6,66777.30
891,agent,G7,64939.80
891,agent,G8,64008.33
891,agent,G9,101040.17
891,firm,F0,149237652.04
891,firm,F1,65297608.14
891,firm,F2,111845107.59
891,firm,F3,103443353.57
891,firm,F4,129606326.03
891,firm,F5,88623548.60
891,firm,F6,139164783.22
891,firm,F7,75073384.74
891,firm,F8,75579777.85
891,firm,F9,143826411.46
892,agent,G0,60426.81
892,agent,G1,102524.60
892,agent,G2,203515.04
892,agent,G3,13869.86
892,agent,G4,114621.95
892,agent,G5,34885.83
892,agent,G6,66777.30
892,agent,G7,58006.86
892,agent,G8,64008.33
892,agent,G9,101040.17
892,firm,F0,149239630.56
892,firm,F1,65297608.14
892,firm,F2,111845107.59
892,firm,F3,103443353.57
892,firm,F4,129606326.03
892,firm,F5,88624423.60
892,firm,F6,139164783.22
892,firm,F7,75073384.74
892,firm,F8,75581051.34
892,firm,F9,143826411.46
893,agent,G0,60210.25
893,agent,G1,102524.60
893,agent,G2,203515.04
893,agent,G3,13995.53
893,agent,G4,120669.49
893,agent,G5,34885.83
893,agent,G6,59469.38
893,agent,G7,58006.86
893,agent,G8,64008.33
893,agent,G9,101040.17
893,firm,F0,149239721.45
893,firm,F1,65297608.14
893,firm,F2,111845107.59
893,firm,F3,103443353.57
893,firm,F4,129606326.03
893,firm,F5,88625683.98
893,firm,F6,139164783.22
893,firm,F7,75073384.74
893,firm,F8,75581531.34
893,firm,F9,143826411.46
894,agent,G0,62508.71
894,agent,G1,102524.60
894,agent,G2,194947.04
894,agent,G3,13995.53
894,agent,G4,120669.49
894,agent,G5,34885.83
894,agent,G6,59469.38
894,agent,G7,49679.51
894,agent,G8,69121.12
894,agent,G9,118939.33
894,firm,F0,149248289.45
894,firm,F1,65297608.14
894,firm,F2,111845107.59
894,firm,F3,103444269.67
894,firm,F4,129606326.03
894,firm,F5,88625683.98
894,firm,F6,139168417.05
894,firm,F7,75073384.74
894,firm,F8,75581531.34
894,firm,F9,143826411.46
895,agent,G0,76334.22
895,agent,G1,102524.60
895,agent,G2,194947.04
895,agent,G3,20460.03
895,agent,G4,120669.49
895,agent,G5,34885.83
895,agent,G6,59469.38
895,agent,G7,49679.51
895,agent,G8,61645.60
895,agent,G9,118939.33
895,firm,F0,149248769.45
895,firm,F1,65297608.14
895,firm,F2,111845107.59
895,firm,F3,103444269.67
895,firm,F4,129606326.03
895,firm,F5,88625683.98
895,firm,F6,139168417.05
895,firm,F7,75076034.43
895,firm,F8,75582658.16
895,firm,F9,143826411.46
896,agent,G0,80854.46
896,agent,G1,102524.60
896,agent,G2,200145.98
896,agent,G3,20460.03
896,agent,G4,120669.49
896,agent,G5,34885.83
896,agent,G6,72565.69
896,agent,G7,44263.85
896,agent,G8,61645.60
896,agent,G9,92207.40
896,firm,F0,149248769.45
896,firm,F1,65297608.14
896,firm,F2,111866640.59
896,firm,F3,103444269.67
896,firm,F4,129608689.73
896,firm,F5,88625683.98
896,firm,F6,139168417.05
896,firm,F7,75076034.43
896,firm,F8,75582658.16
896,firm,F9,143827306.88
897,agent,G0,82742.73
897,agent,G1,120641.13
897,agent,G2,200145.98
897,agent,G3,20460.03
897,agent,G4,120669.49
897,agent,G5,34885.83
897,agent,G6,71199.37
897,agent,G7,42375.58
897,agent,G8,61645.60
897,agent,G9,83639.40
897,firm,F0,149248769.45
897,firm,F1,65297608.14
897,firm,F2,111866640.59
897,firm,F3,103444269.67
897,firm,F4,129608689.73
897,firm,F5,88625683.98
897,firm,F6,139181118.52
897,firm,F7,75076034.43
897,firm,F8,75582658.16
897,firm,F9,143828673.19
898,agent,G0,73652.76
898,agent,G1,120641.13
898,agent,G2,200145.98
898,agent,G3,32188.68
898,agent,G4,120669.49
898,agent,G5,34885.83
898,agent,G6,52111.86
898,agent,G7,42375.58
898,agent,G8,61645.60
898,agent,G9,87266.91
898,firm,F0,149248769.45
898,firm,F1,65297608.14
898,firm,F2,111866640.59
898,firm,F3,103444269.67
898,firm,F4,129624149.73
898,firm,F5,88625683.98
898,firm,F6,139181118.52
898,firm,F7,75076983.37
898,firm,F8,75584289.54
898,firm,F9,143828673.19
899,agent,G0,73652.76
899,agent,G1,117771.70
899,agent,G2,199271.57
899,agent,G3,32188.68
899,agent,G4,120669.49
899,agent,G5,34885.83
899,agent,G6,51138.69
899,agent,G7,42375.58
899,agent,G8,61645.60
899,agent,G9,87266.91
899,firm,F0,149248769.45
899,firm,F1,65297608.14
899,firm,F2,111880458.76
899,firm,F3,103444269.67
899,firm,F4,129627893.56
899,firm,F5,88625683.98
899,firm,F6,139181118.52
899,firm,F7,75076983.37
899,firm,F8,75584289.54
899,firm,F9,143828673.19
900,agent,G0,81735.47
900,agent,G1,117771.70
900,agent,G2,199271.57
900,agent,G3,32188.68
900,agent,G4,120669.49
900,agent,G5,34885.83
900,agent,G6,51138.69
900,agent,G7,36625.58
900,agent,G8,64806.10
900,agent,G9,79139.55
900,firm,F0,149248769.45
900,firm,F1,65297608.14
900,firm,F2,111880458.76
900,firm,F3,103444269.67
900,firm,F4,129627893.56
900,firm,F5,88625683.98
900,firm,F6,139182153.88
900,firm,F7,75076983.37
900,firm,F8,75590039.54
900,firm,F9,143830271.98
901,agent,G0,81735.47
901,agent,G1,89800.82
901,agent,G2,206439.33
901,agent,G3,32188.68
901,agent,G4,127815.42
901,agent,G5,34885.83
901,agent,G6,51138.69
901,agent,G7,36625.58
901,agent,G8,64806.10
901,agent,G9,70457.57
901,firm,F0,149271019.45
901,firm,F1,65299144.19
901,firm,F2,111880458.76
901,firm,F3,103444269.67
901,firm,F4,129627893.56
901,firm,F5,88625683.98
901,firm,F6,139182153.88
901,firm,F7,75076983.37
901,firm,F8,75590039.54
901,firm,F9,143830613.10
902,agent,G0,81735.47
902,agent,G1,84050.82
902,agent,G2,206439.33
902,agent,G3,39115.18
902,agent,G4,127815.42
902,agent,G5,34885.83
902,agent,G6,51138.69
902,agent,G7,36625.58
902,agent,G8,63251.96
902,agent,G9,70892.61
902,firm,F0,149271019.45
902,firm,F1,65299144.19
902,firm,F2,111880458.76
902,firm,F3,103444269.67
902,firm,F4,129627893.56
902,firm,F5,88626803.08
902,firm,F6,139189291.37
902,firm,F7,75076983.37
902,firm,F8,75590039.54
902,firm,F9,143830613.10
903,agent,G0,81735.47
903,agent,G1,84050.82
903,agent,G2,186657.19
903,agent,G3,33365.18
903,agent,G4,127815.42
903,agent,G5,34885.83
903,agent,G6,51138.69
903,agent,G7,36625.58
903,agent,G8,61723.11
903,agent,G9,91423.41
903,firm,F0,149274929.38
903,firm,F1,65299144.19
903,firm,F2,111880458.76
903,firm,F3,103444269.67
903,firm,F4,129627893.56
903,firm,F5,88626803.08
903,firm,F6,139195041.37
903,firm,F7,75076983.37
903,firm,F8,75590805.82
903,firm,F9,143830613.10
904,agent,G0,81735.47
904,agent,G1,88619.96
904,agent,G2,186657.19
904,agent,G3,26977.64
904,agent,G4,127815.42
904,agent,G5,44319.14
904,agent,G6,51138.69
904,agent,G7,36625.58
904,agent,G8,61723.11
904,agent,G9,81403.49
904,firm,F0,149276684.52
904,firm,F1,65299144.19
904,firm,F2,111880458.76
904,firm,F3,103444269.67
904,firm,F4,129627893.56
904,firm,F5,88626803.08
904,firm,F6,139195041.37
904,firm,F7,75083295.23
904,firm,F8,75590805.82
904,firm,F9,143830613.10
905,agent,G0,77865.19
905,agent,G1,92490.24
905,agent,G2,169586.19
905,agent,G3,26977.64
905,agent,G4,127815.42
905,agent,G5,60749.42
905,agent,G6,51138.69
905,agent,G7,36625.58
905,agent,G8,55066.83
905,agent,G9,81403.49
905,firm,F0,149276684.52
905,firm,F1,65299144.19
905,firm,F2,111881426.69
905,firm,F3,103444269.67
905,firm,F4,129627893.56
905,firm,F5,88629446.15
905,firm,F6,139195041.37
905,firm,F7,75083295.23
905,firm,F8,75590805.82
905,firm,F9,143847684.10
906,agent,G0,77865.19
906,agent,G1,93497.39
906,agent,G2,165782.42
906,agent,G3,26977.64
906,agent,G4,127815.42
906,agent,G5,60749.42
906,agent,G6,51138.69
906,agent,G7,36625.58
906,agent,G8,62717.28
906,agent,G9,81403.49
906,firm,F0,149276684.52
906,firm,F1,65305160.74
906,firm,F2,111881426.69
906,firm,F3,103444269.67
906,firm,F4,129630690.18
906,firm,F5,88629446.15
906,firm,F6,139195041.37
906,firm,F7,75083295.23
906,firm,F8,75590805.82
906,firm,F9,143847684.10
907,agent,G0,73539.31
907,agent,G1,80752.28
907,agent,G2,165782.42
907,agent,G3,26977.64
907,agent,G4,127815.42
907,agent,G5,59154.30
907,agent,G6,51138.69
907,agent,G7,36625.58
907,agent,G8,68702.88
907,agent,G9,81403.49
907,firm,F0,149278033.07
907,firm,F1,65305160.74
907,firm,F2,111882747.67
907,firm,F3,103444269.67
907,firm,F4,129630690.18
907,firm,F5,88629446.15
907,firm,F6,139195041.37
907,firm,F7,75100366.23
907,firm,F8,75590805.82
907,firm,F9,143847684.10
908,agent,G0,72201.51
908,agent,G1,80752.28
908,agent,G2,165782.42
908,agent,G3,29408.21
908,agent,G4,127815.42
908,agent,G5,42256.35
908,agent,G6,51138.69
908,agent,G7,36625.58
908,agent,G8,68702.88
908,agent,G9,84916.44
908,firm,F0,149292755.87
908,firm,F1,65305160.74
908,firm,F2,111882747.67
908,firm,F3,103444269.67
908,firm,F4,129630690.18
908,firm,F5,88629446.15
908,firm,F6,139195598.79
908,firm,F7,75100366.23
908,firm,F8,75590805.82
908,firm,F9,143847684.10
909,agent,G0,73599.55
909,agent,G1,80752.28
909,agent,G2,165782.42
909,agent,G3,29988.87
909,agent,G4,131201.86
909,agent,G5,42256.35
909,agent,G6,51138.69
909,agent,G7,32686.90
909,agent,G8,66318.88
909,agent,G9,84916.44
909,firm,F0,149293161.17
909,firm,F1,65305160.74
909,firm,F2,111882747.67
909,firm,F3,103444269.67
909,firm,F4,129630690.18
909,firm,F5,88629998.39
909,firm,F6,139197982.79
909,firm,F7,75100366.23
909,firm,F8,75590805.82
909,firm,F9,143847684.10
910,agent,G0,74373.21
910,agent,G1,80752.28
910,agent,G2,165782.42
910,agent,G3,26031.21
910,agent,G4,131201.86
910,agent,G5,45731.15
910,agent,G6,51138.69
910,agent,G7,35345.95
910,agent,G8,66318.88
910,agent,G9,84916.44
910,firm,F0,149296674.12
910,firm,F1,65305160.74
910,firm,F2,111882747.67
910,firm,F3,103444269.67
910,firm,F4,129630690.18
910,firm,F5,88631450.59
910,firm,F6,139197982.79
910,firm,F7,75100366.23
910,firm,F8,75590805.82
910,firm,F9,143847684.10
911,agent,G0,74373.21
911,agent,G1,81638.89
911,agent,G2,147004.54
911,agent,G3,22394.39
911,agent,G4,131201.86
911,agent,G5,45731.15
911,agent,G6,51138.69
911,agent,G7,35345.95
911,agent,G8,81406.76
911,agent,G9,84916.44
911,firm,F0,149296674.12
911,firm,F1,65309112.57
911,firm,F2,111882747.67
911,firm,F3,103444269.67
911,firm,F4,129630690.18
911,firm,F5,88631450.59
911,firm,F6,139197982.79
911,firm,F7,75100366.23
911,firm,F8,75593609.21
911,firm,F9,143847684.10
912,agent,G0,74373.21
912,agent,G1,82692.58
912,agent,G2,145950.84
912,agent,G3,18498.39
912,agent,G4,135053.25
912,agent,G5,45731.15
912,agent,G6,51138.69
912,agent,G7,35345.95
912,agent,G8,80165.99
912,agent,G9,84916.44
912,firm,F0,149296674.12
912,firm,F1,65309883.18
912,firm,F2,111882747.67
912,firm,F3,103444269.67
912,firm,F4,129631930.95
912,firm,F5,88631450.59
912,firm,F6,139201878.79
912,firm,F7,75100366.23
912,firm,F8,75593609.21
912,firm,F9,143847684.10
913,agent,G0,69751.21
913,agent,G1,82692.58
913,agent,G2,145950.84
913,agent,G3,18498.39
913,agent,G4,133899.33
913,agent,G5,45731.15
913,agent,G6,52292.61
913,agent,G7,50350.95
913,agent,G8,80165.99
913,agent,G9,75771.02
913,firm,F0,149296674.12
913,firm,F1,65309883.18
913,firm,F2,111884034.53
913,firm,F3,103444269.67
913,firm,F4,129633238.51
913,firm,F5,88631450.59
913,firm,F6,139201878.79
913,firm,F7,75104988.23
913,firm,F8,75593609.21
913,firm,F9,143847684.10
914,agent,G0,69751.21
914,agent,G1,82692.58
914,agent,G2,145950.84
914,agent,G3,19808.34
914,agent,G4,132858.72
914,agent,G5,45731.15
914,agent,G6,52532.89
914,agent,G7,45728.95
914,agent,G8,80165.99
914,agent,G9,75771.02
914,firm,F0,149296674.12
914,firm,F1,65310154.22
914,firm,F2,111888656.53
914,firm,F3,103444269.67
914,firm,F4,129634038.84
914,firm,F5,88631450.59
914,firm,F6,139201878.79
914,firm,F7,75104988.23
914,firm,F8,75593609.21
914,firm,F9,143847684.10
915,agent,G0,69751.21
915,agent,G1,82692.58
915,agent,G2,144369.84
915,agent,G3,19382.71
915,agent,G4,140682.03
915,agent,G5,45731.15
915,agent,G6,56676.38
915,agent,G7,40726.65
915,agent,G8,80165.99
915,agent,G9,76196.65
915,firm,F0,149296674.12
915,firm,F1,65311013.03
915,firm,F2,111888656.53
915,firm,F3,103444269.67
915,firm,F4,129634038.84
915,firm,F5,88631450.59
915,firm,F6,139201878.79
915,firm,F7,75106776.92
915,firm,F8,75595190.21
915,firm,F9,143847684.10
916,agent,G0,69137.76
916,agent,G1,96941.99
916,agent,G2,144369.84
916,agent,G3,19996.15
916,agent,G4,138298.03
916,agent,G5,49426.33
916,agent,G6,56676.38
916,agent,G7,36276.51
916,agent,G8,80165.99
916,agent,G9,76196.65
916,firm,F0,149296674.12
916,firm,F1,65314996.58
916,firm,F2,111888656.53
916,firm,F3,103444269.67
916,firm,F4,129634038.84
916,firm,F5,88631450.59
916,firm,F6,139201878.79
916,firm,F7,75109160.92
916,firm,F8,75595190.21
916,firm,F9,143847684.10
917,agent,G0,71505.18
917,agent,G1,92989.99
917,agent,G2,144369.84
917,agent,G3,19996.15
917,agent,G4,138298.03
917,agent,G5,49426.33
917,agent,G6,56676.38
917,agent,G7,44118.27
917,agent,G8,80165.99
917,agent,G9,67871.32
917,firm,F0,149296674.12
917,firm,F1,65318948.58
917,firm,F2,111888656.53
917,firm,F3,103444926.49
917,firm,F4,129634038.84
917,firm,F5,88631450.59
917,firm,F6,139201878.79
917,firm,F7,75109160.92
917,firm,F8,75596601.54
917,firm,F9,143847684.10
918,agent,G0,83182.91
918,agent,G1,92989.99
918,agent,G2,144369.84
918,agent,G3,16044.15
918,agent,G4,138298.03
918,agent,G5,49426.33
918,agent,G6,56676.38
918,agent,G7,45068.37
918,agent,G8,71366.59
918,agent,G9,67871.32
918,firm,F0,149296674.12
918,firm,F1,65324466.20
918,firm,F2,111888656.53
918,firm,F3,103444926.49
918,firm,F4,129635042.80
918,firm,F5,88631450.59
918,firm,F6,139201878.79
918,firm,F7,75109160.92
918,firm,F8,75596601.54
918,firm,F9,143847684.10
919,agent,G0,73570.91
919,agent,G1,92989.99
919,agent,G2,156724.74
919,agent,G3,16044.15
919,agent,G4,121234.64
919,agent,G5,49426.33
919,agent,G6,63371.98
919,agent,G7,45068.37
919,agent,G8,71366.59
919,agent,G9,67871.32
919,firm,F0,149296674.12
919,firm,F1,65326976.34
919,firm,F2,111888656.53
919,firm,F3,103454538.49
919,firm,F4,129636090.56
919,firm,F5,88631450.59
919,firm,F6,139201878.79
919,firm,F7,75109160.92
919,firm,F8,75596601.54
919,firm,F9,143847684.10
920,agent,G0,63958.91
920,agent,G1,92989.99
920,agent,G2,156724.74
920,agent,G3,16044.15
920,agent,G4,121306.59
920,agent,G5,44098.21
920,agent,G6,65579.02
920,agent,G7,45068.37
920,agent,G8,71366.59
920,agent,G9,72428.46
920,firm,F0,149306286.12
920,firm,F1,65326976.34
920,firm,F2,111888656.53
920,firm,F3,103454538.49
920,firm,F4,129636522.56
920,firm,F5,88631450.59
920,firm,F6,139201878.79
920,firm,F7,75109160.92
920,firm,F8,75596601.54
920,firm,F9,143848455.08
921,agent,G0,66694.73
921,agent,G1,92989.99
921,agent,G2,157784.01
921,agent,G3,16044.15
921,agent,G4,121306.59
921,agent,G5,39548.21
921,agent,G6,69705.21
921,agent,G7,40180.89
921,agent,G8,71366.59
921,agent,G9,72428.46
921,firm,F0,149306286.12
921,firm,F1,65327731.25
921,firm,F2,111888656.53
921,firm,F3,103454538.49
921,firm,F4,129636522.56
921,firm,F5,88636761.88
921,firm,F6,139201878.79
921,firm,F7,75109160.92
921,firm,F8,75596601.54
921,firm,F9,143848455.08
922,agent,G0,65028.54
922,agent,G1,92989.99
922,agent,G2,157953.27
922,agent,G3,14281.42
922,agent,G4,121306.59
922,agent,G5,39548.21
922,agent,G6,71151.31
922,agent,G7,41847.08
922,agent,G8,71366.59
922,agent,G9,72428.46
922,firm,F0,149313913.86
922,firm,F1,65327731.25
922,firm,F2,111888656.53
922,firm,F3,103454538.49
922,firm,F4,129636522.56
922,firm,F5,88636761.88
922,firm,F6,139201878.79
922,firm,F7,75109160.92
922,firm,F8,75596918.18
922,firm,F9,143848455.08
923,agent,G0,62317.54
923,agent,G1,92989.99
923,agent,G2,157953.27
923,agent,G3,14281.42
923,agent,G4,120623.44
923,agent,G5,40931.52
923,agent,G6,71151.31
923,agent,G7,41847.08
923,agent,G8,76242.84
923,agent,G9,72428.46
923,firm,F0,149313913.86
923,firm,F1,65327731.25
923,firm,F2,111888656.53
923,firm,F3,103454538.49
923,firm,F4,129639233.56
923,firm,F5,88637915.06
923,firm,F6,139201878.79
923,firm,F7,75109959.33
923,firm,F8,75596918.18
923,firm,F9,143848455.08
924,agent,G0,62317.54
924,agent,G1,92989.99
924,agent,G2,157953.27
924,agent,G3,14281.42
924,agent,G4,115078.44
924,agent,G5,40931.52
924,agent,G6,69391.46
924,agent,G7,43187.55
924,agent,G8,76242.84
924,agent,G9,72428.46
924,firm,F0,149315104.30
924,firm,F1,65327731.25
924,firm,F2,111888656.53
924,firm,F3,103454538.49
924,firm,F4,129644778.56
924,firm,F5,88637915.06
924,firm,F6,139201878.79
924,firm,F7,75109959.33
924,firm,F8,75597099.11
924,firm,F9,143848455.08
925,agent,G0,62317.54
925,agent,G1,92989.99
925,agent,G2,157953.27
925,agent,G3,14281.42
925,agent,G4,112688.44
925,agent,G5,40931.52
925,agent,G6,69391.46
925,agent,G7,51004.89
925,agent,G8,69199.63
925,agent,G9,72428.46
925,firm,F0,149315104.30
925,firm,F1,65327731.25
925,firm,F2,111889863.37
925,firm,F3,103454538.49
925,firm,F4,129644778.56
925,firm,F5,88637915.06
925,firm,F6,139201878.79
925,firm,F7,75112349.33
925,firm,F8,75597099.11
925,firm,F9,143848864.11
926,agent,G0,62317.54
926,agent,G1,93940.46
926,agent,G2,157953.27
926,agent,G3,16239.25
926,agent,G4,112688.44
926,agent,G5,37425.52
926,agent,G6,61758.62
926,agent,G7,51004.89
926,agent,G8,75445.08
926,agent,G9,72428.46
926,firm,F0,149316491.69
926,firm,F1,65327731.25
926,firm,F2,111889863.37
926,firm,F3,103455136.19
926,firm,F4,129644778.56
926,firm,F5,88641421.06
926,firm,F6,139201878.79
926,firm,F7,75112349.33
926,firm,F8,75597099.11
926,firm,F9,143848864.11
927,agent,G0,62317.54
927,agent,G1,93940.46
927,agent,G2,157953.27
927,agent,G3,19074.32
927,agent,G4,112688.44
927,agent,G5,43970.59
927,agent,G6,61758.62
927,agent,G7,51560.94
927,agent,G8,74889.04
927,agent,G9,64487.84
927,firm,F0,149316491.69
927,firm,F1,65327731.25
927,firm,F2,111889863.37
927,firm,F3,103455136.19
927,firm,F4,129648205.49
927,firm,F5,88642816.62
927,firm,F6,139201878.79
927,firm,F7,75112349.33
927,firm,F8,75597099.11
927,firm,F9,143848864.11
928,agent,G0,61365.54
928,agent,G1,94195.71
928,agent,G2,157953.27
928,agent,G3,19074.32
928,agent,G4,112688.44
928,agent,G5,48657.63
928,agent,G6,61503.37
928,agent,G7,45935.79
928,agent,G8,75010.77
928,agent,G9,64487.84
928,firm,F0,149316491.69
928,firm,F1,65329621.36
928,firm,F2,111889887.63
928,firm,F3,103455136.19
928,firm,F4,129648205.49
928,firm,F5,88642816.62
928,firm,F6,139201878.79
928,firm,F7,75112349.33
928,firm,F8,75597099.11
928,firm,F9,143848864.11
929,agent,G0,67648.52
929,agent,G1,94195.71
929,agent,G2,157953.27
929,agent,G3,17005.22
929,agent,G4,112688.44
929,agent,G5,48657.63
929,agent,G6,61503.37
929,agent,G7,45935.79
929,agent,G8,69174.43
929,agent,G9,64487.84
929,firm,F0,149316815.03
929,firm,F1,65329621.36
929,firm,F2,111897724.63
929,firm,F3,103455136.19
929,firm,F4,129649504.62
929,firm,F5,88642816.62
929,firm,F6,139201878.79
929,firm,F7,75112349.33
929,firm,F8,75597099.11
929,firm,F9,143848864.11
930,agent,G0,66362.81
930,agent,G1,94195.71
930,agent,G2,158091.50
930,agent,G3,14615.22
930,agent,G4,112688.44
930,agent,G5,48657.63
930,agent,G6,61503.37
930,agent,G7,46502.07
930,agent,G8,68608.15
930,agent,G9,64487.84
930,firm,F0,149316815.03
930,firm,F1,65329621.36
930,firm,F2,111897724.63
930,firm,F3,103457526.19
930,firm,F4,129649504.62
930,firm,F5,88642816.62
930,firm,F6,139203164.50
930,firm,F7,75112378.09
930,firm,F8,75597099.11
930,firm,F9,143848864.11
931,agent,G0,60817.81
931,agent,G1,94195.71
931,agent,G2,159291.25
931,agent,G3,14615.22
931,agent,G4,118135.44
931,agent,G5,48657.63
931,agent,G6,53475.19
931,agent,G7,47970.20
931,agent,G8,68608.15
931,agent,G9,64487.84
931,firm,F0,149316815.03
931,firm,F1,65329621.36
931,firm,F2,111897724.63
931,firm,F3,103457526.19
931,firm,F4,129656162.68
931,firm,F5,88642816.62
931,firm,F6,139203164.50
931,firm,F7,75112378.09
931,firm,F8,75597393.36
931,firm,F9,143848864.11
932,agent,G0,60817.81
932,agent,G1,94195.71
932,agent,G2,161839.67
932,agent,G3,19042.24
932,agent,G4,118135.44
932,agent,G5,43353.12
932,agent,G6,43335.19
932,agent,G7,53854.89
932,agent,G8,68608.15
932,agent,G9,64487.84
932,firm,F0,149316815.03
932,firm,F1,65329621.36
932,firm,F2,111897724.63
932,firm,F3,103457526.19
932,firm,F4,129656162.68
932,firm,F5,88642816.62
932,firm,F6,139203164.50
932,firm,F7,75112378.09
932,firm,F8,75607533.36
932,firm,F9,143851448.48
933,agent,G0,60817.81
933,agent,G1,94195.71
933,agent,G2,156294.67
933,agent,G3,19042.24
933,agent,G4,118135.44
933,agent,G5,43353.12
933,agent,G6,42034.39
933,agent,G7,55155.70
933,agent,G8,61170.55
933,agent,G9,73570.67
933,firm,F0,149317968.60
933,firm,F1,65329621.36
933,firm,F2,111897724.63
933,firm,F3,103457526.19
933,firm,F4,129656162.68
933,firm,F5,88643325.82
933,firm,F6,139203164.50
933,firm,F7,75112378.09
933,firm,F8,75613078.36
933,firm,F9,143851448.48
934,agent,G0,66384.75
934,agent,G1,94195.71
934,agent,G2,156294.67
934,agent,G3,20500.76
934,agent,G4,118135.44
934,agent,G5,43353.12
934,agent,G6,40610.79
934,agent,G7,51034.30
934,agent,G8,54503.37
934,agent,G9,73570.67
934,firm,F0,149319068.84
934,firm,F1,65329621.36
934,firm,F2,111897724.63
934,firm,F3,103457526.19
934,firm,F4,129656510.16
934,firm,F5,88643325.82
934,firm,F6,139203164.50
934,firm,F7,75112378.09
934,firm,F8,75613078.36
934,firm,F9,143856993.48
935,agent,G0,66384.75
935,agent,G1,94195.71
935,agent,G2,139432.43
935,agent,G3,20053.98
935,agent,G4,118135.44
935,agent,G5,43353.12
935,agent,G6,40610.79
935,agent,G7,51034.30
935,agent,G8,73041.92
935,agent,G9,74017.44
935,firm,F0,149319068.84
935,firm,F1,65329621.36
935,firm,F2,111900613.78
935,firm,F3,103457526.19
935,firm,F4,129656510.16
935,firm,F5,88643325.82
935,firm,F6,139203164.50
935,firm,F7,75114843.65
935,firm,F8,75613078.36
935,firm,F9,143856993.48
936,agent,G0,66384.75
936,agent,G1,94195.71
936,agent,G2,139432.43
936,agent,G3,20053.98
936,agent,G4,118135.44
936,agent,G5,46786.97
936,agent,G6,33858.04
936,agent,G7,52536.91
936,agent,G8,73041.92
936,agent,G9,74017.44
936,firm,F0,149319068.84
936,firm,F1,65329621.36
936,firm,F2,111900613.78
936,firm,F3,103457526.19
936,firm,F4,129662055.16
936,firm,F5,88643325.82
936,firm,F6,139204158.42
936,firm,F7,75114843.65
936,firm,F8,75613078.36
936,firm,F9,143857731.84
937,agent,G0,68895.85
937,agent,G1,94195.71
937,agent,G2,139432.43
937,agent,G3,16745.98
937,agent,G4,118135.44
937,agent,G5,47543.60
937,agent,G6,33858.04
937,agent,G7,52536.91
937,agent,G8,79737.61
937,agent,G9,65304.35
937,firm,F0,149319068.84
937,firm,F1,65330882.13
937,firm,F2,111900613.78
937,firm,F3,103457526.19
937,firm,F4,129665363.16
937,firm,F5,88643325.82
937,firm,F6,139204158.42
937,firm,F7,75114843.65
937,firm,F8,75613078.36
937,firm,F9,143858355.73
938,agent,G0,73732.63
938,agent,G1,94195.71
938,agent,G2,123803.62
938,agent,G3,17088.84
938,agent,G4,118135.44
938,agent,G5,47543.60
938,agent,G6,33858.04
938,agent,G7,52536.91
938,agent,G8,78243.61
938,agent,G9,77836.31
938,firm,F0,149320193.06
938,firm,F1,65330882.13
938,firm,F2,111903367.76
938,firm,F3,103457526.19
938,firm,F4,129665363.16
938,firm,F5,88643325.82
938,firm,F6,139204158.42
938,firm,F7,75114843.65
938,firm,F8,75613078.36
938,firm,F9,143859849.73
939,agent,G0,73732.63
939,agent,G1,94195.71
939,agent,G2,123803.62
939,agent,G3,17088.84
939,agent,G4,118966.55
939,agent,G5,48459.52
939,agent,G6,30145.01
939,agent,G7,52536.91
939,agent,G8,81302.18
939,agent,G9,76920.39
939,firm,F0,149320193.06
939,firm,F1,65330882.13
939,firm,F2,111903367.76
939,firm,F3,103458180.66
939,firm,F4,129665363.16
939,firm,F5,88647442.70
939,firm,F6,139204158.42
939,firm,F7,75114843.65
939,firm,F8,75613078.36
939,firm,F9,143859849.73
940,agent,G0,73732.63
940,agent,G1,94195.71
940,agent,G2,123459.05
940,agent,G3,17433.41
940,agent,G4,118966.55
940,agent,G5,43176.56
940,agent,G6,30145.01
940,agent,G7,58418.61
940,agent,G8,81302.18
940,agent,G9,76920.39
940,firm,F0,149320193.06
940,firm,F1,65330882.13
940,firm,F2,111903367.76
940,firm,F3,103458180.66
940,firm,F4,129665363.16
940,firm,F5,88647442.70
940,firm,F6,139204158.42
940,firm,F7,75114843.65
940,firm,F8,75615270.61
940,firm,F9,143860723.74
941,agent,G0,73732.63
941,agent,G1,94195.71
941,agent,G2,123091.55
941,agent,G3,28770.12
941,agent,G4,106142.46
941,agent,G5,47364.56
941,agent,G6,30145.01
941,agent,G7,58418.61
941,agent,G8,81302.18
941,agent,G9,75426.39
941,firm,F0,149321044.06
941,firm,F1,65330882.13
941,firm,F2,111903367.76
941,firm,F3,103458180.66
941,firm,F4,129665363.16
941,firm,F5,88650791.58
941,firm,F6,139204158.42
941,firm,F7,75114843.65
941,firm,F8,75615270.61
941,firm,F9,143860723.74
942,agent,G0,74956.40
942,agent,G1,94195.71
942,agent,G2,118052.55
942,agent,G3,28770.12
942,agent,G4,106142.46
942,agent,G5,53874.30
942,agent,G6,30145.01
942,agent,G7,58418.61
942,agent,G8,75273.94
942,agent,G9,75426.39
942,firm,F0,149321044.06
942,firm,F1,65332300.22
942,firm,F2,111903367.76
942,firm,F3,103458180.66
942,firm,F4,129665363.16
942,firm,F5,88651479.23
942,firm,F6,139204158.42
942,firm,F7,75114843.65
942,firm,F8,75620309.61
942,firm,F9,143860723.74
943,agent,G0,74956.40
943,agent,G1,94195.71
943,agent,G2,117266.73
943,agent,G3,28770.12
943,agent,G4,106142.46
943,agent,G5,59274.70
943,agent,G6,30617.83
943,agent,G7,52135.29
943,agent,G8,75273.94
943,agent,G9,75426.39
943,firm,F0,149321044.06
943,firm,F1,65335236.14
943,firm,F2,111903367.76
943,firm,F3,103458180.66
943,firm,F4,129665363.16
943,firm,F5,88651479.23
943,firm,F6,139204158.42
943,firm,F7,75114843.65
943,firm,F8,75620309.61
943,firm,F9,143860723.74
944,agent,G0,71028.78
944,agent,G1,94195.71
944,agent,G2,117266.73
944,agent,G3,28770.12
944,agent,G4,124427.16
944,agent,G5,58163.32
944,agent,G6,27251.46
944,agent,G7,52135.29
944,agent,G8,75273.94
944,agent,G9,78183.59
944,firm,F0,149326692.22
944,firm,F1,65335236.14
944,firm,F2,111903367.76
944,firm,F3,103458180.66
944,firm,F4,129665363.16
944,firm,F5,88651479.23
944,firm,F6,139204158.42
944,firm,F7,75119408.95
944,firm,F8,75620309.61
944,firm,F9,143860723.74
945,agent,G0,71028.78
945,agent,G1,110420.36
945,agent,G2,117266.73
945,agent,G3,28770.12
945,agent,G4,111030.72
945,agent,G5,49772.32
945,agent,G6,27251.46
945,agent,G7,52135.29
945,agent,G8,75273.94
945,agent,G9,80358.18
945,firm,F0,149335083.22
945,firm,F1,65335236.14
945,firm,F2,111903367.76
945,firm,F3,103458180.66
945,firm,F4,129666843.92
945,firm,F5,88651479.23
945,firm,F6,139206065.87
945,firm,F7,75119408.95
945,firm,F8,75620309.61
945,firm,F9,143860723.74
946,agent,G0,71028.78
946,agent,G1,110420.36
946,agent,G2,118159.61
946,agent,G3,28770.12
946,agent,G4,107219.72
946,agent,G5,49772.32
946,agent,G6,27251.46
946,agent,G7,59075.09
946,agent,G8,81805.47
946,agent,G9,71710.97
946,firm,F0,149335083.22
946,firm,F1,65335236.14
946,firm,F2,111903367.76
946,firm,F3,103458180.66
946,firm,F4,129666843.92
946,firm,F5,88654411.22
946,firm,F6,139206065.87
946,firm,F7,75123219.95
946,firm,F8,75620309.61
946,firm,F9,143860723.74
947,agent,G0,68763.76
947,agent,G1,108194.58
947,agent,G2,118159.61
947,agent,G3,28770.12
947,agent,G4,107219.72
947,agent,G5,55092.48
947,agent,G6,27251.46
947,agent,G7,52580.23
947,agent,G8,81805.47
947,agent,G9,73936.74
947,firm,F0,149344570.24
947,firm,F1,65335236.14
947,firm,F2,111904542.46
947,firm,F3,103458180.66
947,firm,F4,129666843.92
947,firm,F5,88654411.22
947,firm,F6,139206065.87
947,firm,F7,75123219.95
947,firm,F8,75620309.61
947,firm,F9,143860723.74
948,agent,G0,73523.65
948,agent,G1,113285.36
948,agent,G2,118159.61
948,agent,G3,28770.12
948,agent,G4,107219.72
948,agent,G5,49164.77
948,agent,G6,27251.46
948,agent,G7,53391.92
948,agent,G8,81805.47
948,agent,G9,73936.74
948,firm,F0,149344570.24
948,firm,F1,65335236.14
948,firm,F2,111906454.88
948,firm,F3,103458180.66
948,firm,F4,129666843.92
948,firm,F5,88654411.22
948,firm,F6,139206065.87
948,firm,F7,75123219.95
948,firm,F8,75621146.54
948,firm,F9,143863858.74
949,agent,G0,73523.65
949,agent,G1,120497.89
949,agent,G2,106393.85
949,agent,G3,28770.12
949,agent,G4,108701.21
949,agent,G5,49164.77
949,agent,G6,27251.46
949,agent,G7,53391.92
949,agent,G8,80752.18
949,agent,G9,73936.74
949,firm,F0,149344570.24
949,firm,F1,65335236.14
949,firm,F2,111908250.41
949,firm,F3,103458180.66
949,firm,F4,129670926.43
949,firm,F5,88654411.22
949,firm,F6,139206065.87
949,firm,F7,75123219.95
949,firm,F8,75621146.54
949,firm,F9,143863858.74
950,agent,G0,73523.65
950,agent,G1,120497.89
950,agent,G2,106393.85
950,agent,G3,28770.12
950,agent,G4,96767.31
950,agent,G5,49565.12
950,agent,G6,27251.46
950,agent,G7,53391.92
950,agent,G8,89897.66
950,agent,G9,73936.74
950,firm,F0,149344570.24
950,firm,F1,65335236.14
950,firm,F2,111908250.41
950,firm,F3,103458180.66
950,firm,F4,129670926.43
950,firm,F5,88656028.22
950,firm,F6,139208453.95
950,firm,F7,75123219.95
950,firm,F8,75621146.54
950,firm,F9,143863858.74
951,agent,G0,71036.59
951,agent,G1,120497.89
951,agent,G2,106393.85
951,agent,G3,28770.12
951,agent,G4,91000.58
951,agent,G5,49565.12
951,agent,G6,27251.46
951,agent,G7,47565.81
951,agent,G8,94450.75
951,agent,G9,73936.74
951,firm,F0,149344570.24
951,firm,F1,65336209.98
951,firm,F2,111908250.41
951,firm,F3,103458180.66
951,firm,F4,129681545.43
951,firm,F5,88656028.22
951,firm,F6,139208453.95
951,firm,F7,75123714.91
951,firm,F8,75621146.54
951,firm,F9,143863858.74
952,agent,G0,71036.59
952,agent,G1,130131.13
952,agent,G2,106393.85
952,agent,G3,28770.12
952,agent,G4,91000.58
952,agent,G5,50016.32
952,agent,G6,26710.21
952,agent,G7,47565.81
952,agent,G8,92382.55
952,agent,G9,73936.74
952,firm,F0,149344570.24
952,firm,F1,65336209.98
952,firm,F2,111908250.41
952,firm,F3,103458180.66
952,firm,F4,129681545.43
952,firm,F5,88656028.22
952,firm,F6,139210070.95
952,firm,F7,75123714.91
952,firm,F8,75621687.80
952,firm,F9,143865641.50
953,agent,G0,71036.59
953,agent,G1,130131.13
953,agent,G2,106393.85
953,agent,G3,25645.44
953,agent,G4,91000.58
953,agent,G5,52645.66
953,agent,G6,26710.21
953,agent,G7,49088.20
953,agent,G8,89985.19
953,agent,G9,73936.74
953,firm,F0,149344570.24
953,firm,F1,65336209.98
953,firm,F2,111908250.41
953,firm,F3,103458180.66
953,firm,F4,129681545.43
953,firm,F5,88656028.22
953,firm,F6,139216889.26
953,firm,F7,75123714.91
953,firm,F8,75621687.80
953,firm,F9,143865641.50
954,agent,G0,71036.59
954,agent,G1,130131.13
954,agent,G2,106393.85
954,agent,G3,25645.44
954,agent,G4,98446.02
954,agent,G5,55030.08
954,agent,G6,26710.21
954,agent,G7,51671.63
954,agent,G8,72514.39
954,agent,G9,73936.74
954,firm,F0,149345645.39
954,firm,F1,65336209.98
954,firm,F2,111908250.41
954,firm,F3,103458180.66
954,firm,F4,129681545.43
954,firm,F5,88656028.22
954,firm,F6,139216889.26
954,firm,F7,75132363.91
954,firm,F8,75621687.80
954,firm,F9,143867017.86
955,agent,G0,83561.01
955,agent,G1,123161.46
955,agent,G2,106393.85
955,agent,G3,25645.44
955,agent,G4,98446.02
955,agent,G5,55030.08
955,agent,G6,25231.66
955,agent,G7,46210.63
955,agent,G8,72514.39
955,agent,G9,73936.74
955,firm,F0,149345645.39
955,firm,F1,65336209.98
955,firm,F2,111908250.41
955,firm,F3,103458180.66
955,firm,F4,129681545.43
955,firm,F5,88661489.22
955,firm,F6,139219499.70
955,firm,F7,75132363.91
955,firm,F8,75621687.80
955,firm,F9,143868361.23
956,agent,G0,83561.01
956,agent,G1,123161.46
956,agent,G2,106393.85
956,agent,G3,25645.44
956,agent,G4,100136.45
956,agent,G5,49072.25
956,agent,G6,25231.66
956,agent,G7,46618.75
956,agent,G8,77562.58
956,agent,G9,73936.74
956,firm,F0,149345645.39
956,firm,F1,65336209.98
956,firm,F2,111908250.41
956,firm,F3,103459090.29
956,firm,F4,129681545.43
956,firm,F5,88661489.22
956,firm,F6,139219499.70
956,firm,F7,75132363.91
956,firm,F8,75629569.25
956,firm,F9,143868361.23
957,agent,G0,80936.11
957,agent,G1,123780.68
957,agent,G2,106393.85
957,agent,G3,25645.44
957,agent,G4,100136.45
957,agent,G5,49072.25
957,agent,G6,25231.66
957,agent,G7,46618.75
957,agent,G8,78978.45
957,agent,G9,73936.74
957,firm,F0,149345645.39
957,firm,F1,65336209.98
957,firm,F2,111908250.41
957,firm,F3,103459090.29
957,firm,F4,129683560.21
957,firm,F5,88662698.24
957,firm,F6,139219499.70
957,firm,F7,75132363.91
957,firm,F8,75629569.25
957,firm,F9,143878980.23
958,agent,G0,80936.11
958,agent,G1,119778.66
958,agent,G2,106393.85
958,agent,G3,25645.44
958,agent,G4,100136.45
958,agent,G5,49072.25
958,agent,G6,23772.68
958,agent,G7,46618.75
958,agent,G8,85872.50
958,agent,G9,66587.11
958,firm,F0,149346780.57
958,firm,F1,65336209.98
958,firm,F2,111908250.41
958,firm,F3,103459090.29
958,firm,F4,129683687.62
958,firm,F5,88662698.24
958,firm,F6,139219499.70
958,firm,F7,75132363.91
958,firm,F8,75629569.25
958,firm,F9,143884441.23
959,agent,G0,78536.43
959,agent,G1,119778.66
959,agent,G2,106393.85
959,agent,G3,25645.44
959,agent,G4,98522.23
959,agent,G5,49072.25
959,agent,G6,23772.68
959,agent,G7,45789.72
959,agent,G8,88272.17
959,agent,G9,66587.11
959,firm,F0,149359484.60
959,firm,F1,65336209.98
959,firm,F2,111908250.41
959,firm,F3,103459090.29
959,firm,F4,129683687.62
959,firm,F5,88662698.24
959,firm,F6,139219499.70
959,firm,F7,75133978.13
959,firm,F8,75629569.25
959,firm,F9,143884441.23
960,agent,G0,75606.09
960,agent,G1,119778.66
960,agent,G2,106393.85
960,agent,G3,25645.44
960,agent,G4,99818.15
960,agent,G5,49072.25
960,agent,G6,29880.27
960,agent,G7,35170.72
960,agent,G8,91202.52
960,agent,G9,59377.28
960,firm,F0,149370103.60
960,firm,F1,65336209.98
960,firm,F2,111908250.41
960,firm,F3,103459090.29
960,firm,F4,129683687.62
960,firm,F5,88662698.24
960,firm,F6,139219499.70
960,firm,F7,75133978.13
960,firm,F8,75630671.49
960,firm,F9,143884745.31
961,agent,G0,75606.09
961,agent,G1,116666.96
961,agent,G2,106393.85
961,agent,G3,17007.84
961,agent,G4,99818.15
961,agent,G5,49072.25
961,agent,G6,29880.27
961,agent,G7,31305.33
961,agent,G8,94314.22
961,agent,G9,62546.04
961,firm,F0,149370103.60
961,firm,F1,65336209.98
961,firm,F2,111908250.41
961,firm,F3,103473168.89
961,firm,F4,129683687.62
961,firm,F5,88662698.24
961,firm,F6,139219499.70
961,firm,F7,75133978.13
961,firm,F8,75631368.12
961,firm,F9,143884745.31
962,agent,G0,75606.09
962,agent,G1,119280.76
962,agent,G2,106393.85
962,agent,G3,17007.84
962,agent,G4,86565.15
962,agent,G5,49072.25
962,agent,G6,29880.27
962,agent,G7,35845.45
962,agent,G8,97349.43
962,agent,G9,55685.84
962,firm,F0,149370103.60
962,firm,F1,65336209.98
962,firm,F2,111908250.41
962,firm,F3,103474380.08
962,firm,F4,129683687.62
962,firm,F5,88662698.24
962,firm,F6,139220573.58
962,firm,F7,75133978.13
962,firm,F8,75631368.12
962,firm,F9,143897998.31
963,agent,G0,75606.09
963,agent,G1,117280.03
963,agent,G2,106393.85
963,agent,G3,15142.56
963,agent,G4,86565.15
963,agent,G5,49072.25
963,agent,G6,31416.56
963,agent,G7,35845.45
963,agent,G8,100367.07
963,agent,G9,42432.84
963,firm,F0,149370432.59
963,firm,F1,65336209.98
963,firm,F2,111908250.41
963,firm,F3,103474380.08
963,firm,F4,129696940.62
963,firm,F5,88662698.24
963,firm,F6,139220759.68
963,firm,F7,75133978.13
963,firm,F8,75631368.12
963,firm,F9,143897998.31
964,agent,G0,74403.09
964,agent,G1,116959.67
964,agent,G2,109117.30
964,agent,G3,15142.56
964,agent,G4,85114.09
964,agent,G5,49072.25
964,agent,G6,31736.91
964,agent,G7,35845.45
964,agent,G8,100367.07
964,agent,G9,42432.84
964,firm,F0,149370432.59
964,firm,F1,65336863.52
964,firm,F2,111909453.41
964,firm,F3,103474380.08
964,firm,F4,129698391.68
964,firm,F5,88662698.24
964,firm,F6,139220759.68
964,firm,F7,75133978.13
964,firm,F8,75631368.12
964,firm,F9,143897998.31
965,agent,G0,82263.09
965,agent,G1,124855.48
965,agent,G2,109117.30
965,agent,G3,15142.56
965,agent,G4,75951.27
965,agent,G5,49072.25
965,agent,G6,24804.68
965,agent,G7,35845.45
965,agent,G8,100367.07
965,agent,G9,42432.84
965,firm,F0,149370432.59
965,firm,F1,65336863.52
965,firm,F2,111909453.41
965,firm,F3,103475821.51
965,firm,F4,129698391.68
965,firm,F5,88664001.06
965,firm,F6,139226220.68
965,firm,F7,75133978.13
965,firm,F8,75631368.12
965,firm,F9,143897998.31
966,agent,G0,82263.09
966,agent,G1,124855.48
966,agent,G2,109117.30
966,agent,G3,15142.56
966,agent,G4,74577.67
966,agent,G5,49072.25
966,agent,G6,26087.37
966,agent,G7,34562.76
966,agent,G8,100367.07
966,agent,G9,48964.48
966,firm,F0,149370432.59
966,firm,F1,65336863.52
966,firm,F2,111909453.41
966,firm,F3,103475821.51
966,firm,F4,129698391.68
966,firm,F5,88665374.66
966,firm,F6,139226220.68
966,firm,F7,75142253.49
966,firm,F8,75631368.12
966,firm,F9,143897998.31
967,agent,G0,82263.09
967,agent,G1,123378.79
967,agent,G2,109117.30
967,agent,G3,15142.56
967,agent,G4,66478.57
967,agent,G5,55888.68
967,agent,G6,26361.06
967,agent,G7,37633.26
967,agent,G8,100367.07
967,agent,G9,48964.48
967,firm,F0,149370432.59
967,firm,F1,65336863.52
967,firm,F2,111909453.41
967,firm,F3,103475821.51
967,firm,F4,129698391.68
967,firm,F5,88665374.66
967,firm,F6,139228157.18
967,firm,F7,75142253.49
967,firm,F8,75632650.79
967,firm,F9,143897998.31
968,agent,G0,73267.41
968,agent,G1,119688.48
968,agent,G2,109117.30
968,agent,G3,15142.56
968,agent,G4,73935.51
968,agent,G5,55888.68
968,agent,G6,26361.06
968,agent,G7,24380.26
968,agent,G8,108816.84
968,agent,G9,48964.48
968,firm,F0,149370432.59
968,firm,F1,65337862.06
968,firm,F2,111909453.41
968,firm,F3,103475821.51
968,firm,F4,129698391.68
968,firm,F5,88666913.40
968,firm,F6,139241410.18
968,firm,F7,75142253.49
968,firm,F8,75632650.79
968,firm,F9,143897998.31
969,agent,G0,73267.41
969,agent,G1,109884.55
969,agent,G2,109117.30
969,agent,G3,20114.86
969,agent,G4,75873.44
969,agent,G5,55888.68
969,agent,G6,26361.06
969,agent,G7,24380.26
969,agent,G8,108816.84
969,agent,G9,48348.57
969,firm,F0,149371569.73
969,firm,F1,65337862.06
969,firm,F2,111909453.41
969,firm,F3,103483687.51
969,firm,F4,129698391.68
969,firm,F5,88667812.86
969,firm,F6,139241410.18
969,firm,F7,75142253.49
969,firm,F8,75632650.79
969,firm,F9,143897998.31
970,agent,G0,73267.41
970,agent,G1,109884.55
970,agent,G2,109117.30
970,agent,G3,20114.86
970,agent,G4,75873.44
970,agent,G5,50961.57
970,agent,G6,26361.06
970,agent,G7,21069.12
970,agent,G8,107515.64
970,agent,G9,53558.23
970,firm,F0,149371569.73
970,firm,F1,65338880.72
970,firm,F2,111909453.41
970,firm,F3,103489965.64
970,firm,F4,129698391.68
970,firm,F5,88667812.86
970,firm,F6,139241410.18
970,firm,F7,75142253.49
970,firm,F8,75632650.79
970,firm,F9,143897998.31
971,agent,G0,73267.41
971,agent,G1,109884.55
971,agent,G2,109117.30
971,agent,G3,20344.69
971,agent,G4,67693.83
971,agent,G5,51453.64
971,agent,G6,26361.06
971,agent,G7,28064.20
971,agent,G8,106626.64
971,agent,G9,53558.23
971,firm,F0,149371569.73
971,firm,F1,65339769.72
971,firm,F2,111909453.41
971,firm,F3,103491150.17
971,firm,F4,129698391.68
971,firm,F5,88667812.86
971,firm,F6,139241410.18
971,firm,F7,75142253.49
971,firm,F8,75632650.79
971,firm,F9,143898165.42
972,agent,G0,73267.41
972,agent,G1,109884.55
972,agent,G2,98600.42
972,agent,G3,20344.69
972,agent,G4,67693.83
972,agent,G5,51453.64
972,agent,G6,26361.06
972,agent,G7,31845.45
972,agent,G8,106626.64
972,agent,G9,61604.95
972,firm,F0,149371569.73
972,firm,F1,65339769.72
972,firm,F2,111909453.41
972,firm,F3,103497543.17
972,firm,F4,129700149.73
972,firm,F5,88667812.86
972,firm,F6,139241410.18
972,firm,F7,75142253.49
972,firm,F8,75632650.79
972,firm,F9,143900256.29
973,agent,G0,73267.41
973,agent,G1,114622.37
973,agent,G2,97702.57
973,agent,G3,20344.69
973,agent,G4,61111.41
973,agent,G5,51453.64
973,agent,G6,26361.06
973,agent,G7,38083.51
973,agent,G8,106626.64
973,agent,G9,58227.95
973,firm,F0,149374946.73
973,firm,F1,65341011.93
973,firm,F2,111909453.41
973,firm,F3,103497543.17
973,firm,F4,129701239.90
973,firm,F5,88667812.86
973,firm,F6,139241410.18
973,firm,F7,75142253.49
973,firm,F8,75632650.79
973,firm,F9,143900256.29
974,agent,G0,73267.41
974,agent,G1,103069.37
974,agent,G2,100637.11
974,agent,G3,20344.69
974,agent,G4,61111.41
974,agent,G5,67762.45
974,agent,G6,26361.06
974,agent,G7,37395.52
974,agent,G8,106626.64
974,agent,G9,55293.41
974,firm,F0,149374946.73
974,firm,F1,65341011.93
974,firm,F2,111912358.61
974,firm,F3,103497543.17
974,firm,F4,129712792.90
974,firm,F5,88667812.86
974,firm,F6,139241410.18
974,firm,F7,75142253.49
974,firm,F8,75633338.78
974,firm,F9,143900256.29
975,agent,G0,73267.41
975,agent,G1,103069.37
975,agent,G2,100637.11
975,agent,G3,20344.69
975,agent,G4,61111.41
975,agent,G5,61321.14
975,agent,G6,26361.06
975,agent,G7,37395.52
975,agent,G8,111914.91
975,agent,G9,45909.12
975,firm,F0,149374946.73
975,firm,F1,65341011.93
975,firm,F2,111912358.61
975,firm,F3,103497543.17
975,firm,F4,129712792.90
975,firm,F5,88668965.90
975,firm,F6,139241410.18
975,firm,F7,75142253.49
975,firm,F8,75635206.06
975,firm,F9,143919470.29
976,agent,G0,76163.38
976,agent,G1,100149.07
976,agent,G2,100637.11
976,agent,G3,20344.69
976,agent,G4,61111.41
976,agent,G5,42855.10
976,agent,G6,26361.06
976,agent,G7,37395.52
976,agent,G8,114835.22
976,agent,G9,50309.71
976,firm,F0,149374946.73
976,firm,F1,65341011.93
976,firm,F2,111912921.64
976,firm,F3,103497543.17
976,firm,F4,129712792.90
976,firm,F5,88668965.90
976,firm,F6,139241410.18
976,firm,F7,75142253.49
976,firm,F8,75635206.06
976,firm,F9,143933535.74
977,agent,G0,76163.38
977,agent,G1,80935.07
977,agent,G2,100637.11
977,agent,G3,20008.23
977,agent,G4,61111.41
977,agent,G5,37594.05
977,agent,G6,26361.06
977,agent,G7,37395.52
977,agent,G8,120418.81
977,agent,G9,50309.71
977,firm,F0,149374946.73
977,firm,F1,65341072.39
977,firm,F2,111912921.64
977,firm,F3,103497543.17
977,firm,F4,129732006.90
977,firm,F5,88669302.36
977,firm,F6,139241410.18
977,firm,F7,75142253.49
977,firm,F8,75635206.06
977,firm,F9,143933535.74
978,agent,G0,76163.38
978,agent,G1,80935.07
978,agent,G2,100637.11
978,agent,G3,18329.08
978,agent,G4,61111.41
978,agent,G5,35347.05
978,agent,G6,26361.06
978,agent,G7,38679.98
978,agent,G8,120418.81
978,agent,G9,52180.05
978,firm,F0,149374946.73
978,firm,F1,65341072.39
978,firm,F2,111915168.64
978,firm,F3,103497543.17
978,firm,F4,129732006.90
978,firm,F5,88669302.36
978,firm,F6,139241410.18
978,firm,F7,75142650.83
978,firm,F8,75635206.06
978,firm,F9,143933909.76
979,agent,G0,75780.38
979,agent,G1,81020.57
979,agent,G2,100637.11
979,agent,G3,18329.08
979,agent,G4,61111.41
979,agent,G5,38776.34
979,agent,G6,26361.06
979,agent,G7,38679.98
979,agent,G8,120333.31
979,agent,G9,52180.05
979,firm,F0,149374946.73
979,firm,F1,65341072.39
979,firm,F2,111915551.64
979,firm,F3,103497543.17
979,firm,F4,129732006.90
979,firm,F5,88671013.07
979,firm,F6,139241410.18
979,firm,F7,75142650.83
979,firm,F8,75635206.06
979,firm,F9,143933909.76
980,agent,G0,75780.38
980,agent,G1,81020.57
980,agent,G2,100637.11
980,agent,G3,18329.08
980,agent,G4,55386.65
980,agent,G5,44430.20
980,agent,G6,26361.06
980,agent,G7,34646.98
980,agent,G8,120333.31
980,agent,G9,54553.49
980,firm,F0,149374946.73
980,firm,F1,65341072.39
980,firm,F2,111915551.64
980,firm,F3,103497543.17
980,firm,F4,129732006.90
980,firm,F5,88671618.04
980,firm,F6,139241410.18
980,firm,F7,75146683.83
980,firm,F8,75635206.06
980,firm,F9,143935035.24
981,agent,G0,75780.38
981,agent,G1,81020.57
981,agent,G2,99045.36
981,agent,G3,18329.08
981,agent,G4,61521.60
981,agent,G5,44430.20
981,agent,G6,26361.06
981,agent,G7,34646.98
981,agent,G8,120333.31
981,agent,G9,49530.00
981,firm,F0,149374946.73
981,firm,F1,65341072.39
981,firm,F2,111915551.64
981,firm,F3,103499134.92
981,firm,F4,129732006.90
981,firm,F5,88676574.57
981,firm,F6,139241410.18
981,firm,F7,75146683.83
981,firm,F8,75635206.06
981,firm,F9,143935035.24
982,agent,G0,75780.38
982,agent,G1,81020.57
982,agent,G2,99045.36
982,agent,G3,18329.08
982,agent,G4,61521.60
982,agent,G5,58497.15
982,agent,G6,26361.06
982,agent,G7,34023.12
982,agent,G8,111634.15
982,agent,G9,46532.17
982,firm,F0,149374946.73
982,firm,F1,65352769.39
982,firm,F2,111915551.64
982,firm,F3,103499134.92
982,firm,F4,129732630.76
982,firm,F5,88676574.57
982,firm,F6,139241410.18
982,firm,F7,75146683.83
982,firm,F8,75638248.11
982,firm,F9,143935035.24
983,agent,G0,75780.38
983,agent,G1,81020.57
983,agent,G2,99045.36
983,agent,G3,18329.08
983,agent,G4,58193.49
983,agent,G5,58497.15
983,agent,G6,26361.06
983,agent,G7,35559.94
983,agent,G8,111634.15
983,agent,G9,41827.13
983,firm,F0,149374946.73
983,firm,F1,65352769.39
983,firm,F2,111915551.64
983,firm,F3,103499969.10
983,firm,F4,129732703.90
983,firm,F5,88682642.57
983,firm,F6,139241410.18
983,firm,F7,75146683.83
983,firm,F8,75638248.11
983,firm,F9,143935035.24
984,agent,G0,76715.17
984,agent,G1,84296.25
984,agent,G2,98566.36
984,agent,G3,18438.03
984,agent,G4,58193.49
984,agent,G5,58497.15
984,agent,G6,26361.06
984,agent,G7,31723.63
984,agent,G8,111634.15
984,agent,G9,41718.17
984,firm,F0,149375507.36
984,firm,F1,65353248.39
984,firm,F2,111915551.64
984,firm,F3,103499969.10
984,firm,F4,129732703.90
984,firm,F5,88682642.57
984,firm,F6,139241410.18
984,firm,F7,75146873.04
984,firm,F8,75638248.11
984,firm,F9,143935035.24
985,agent,G0,76412.83
985,agent,G1,84296.25
985,agent,G2,98566.36
985,agent,G3,23691.43
985,agent,G4,51808.18
985,agent,G5,60527.91
985,agent,G6,26361.06
985,agent,G7,31723.63
985,agent,G8,111634.15
985,agent,G9,42020.51
985,firm,F0,149376214.60
985,firm,F1,65354380.29
985,firm,F2,111915551.64
985,firm,F3,103499969.10
985,firm,F4,129732703.90
985,firm,F5,88683766.57
985,firm,F6,139241410.18
985,firm,F7,75146873.04
985,firm,F8,75638248.11
985,firm,F9,143935035.24
986,agent,G0,67822.71
986,agent,G1,84296.25
986,agent,G2,98566.36
986,agent,G3,31284.14
986,agent,G4,51808.18
986,agent,G5,60527.91
986,agent,G6,33282.34
986,agent,G7,31723.63
986,agent,G8,111634.15
986,agent,G9,41182.56
986,firm,F0,149376214.60
986,firm,F1,65354380.29
986,firm,F2,111915551.64
986,firm,F3,103499969.10
986,firm,F4,129733827.90
986,firm,F5,88683766.57
986,firm,F6,139241410.18
986,firm,F7,75148255.83
986,firm,F8,75638248.11
986,firm,F9,143936670.54
987,agent,G0,70361.04
987,agent,G1,84296.25
987,agent,G2,98566.36
987,agent,G3,28745.81
987,agent,G4,57310.65
987,agent,G5,53924.79
987,agent,G6,25728.96
987,agent,G7,31723.63
987,agent,G8,111634.15
987,agent,G9,41182.56
987,firm,F0,149376214.60
987,firm,F1,65354380.29
987,firm,F2,111915551.64
987,firm,F3,103499969.10
987,firm,F4,129743378.28
987,firm,F5,88683766.57
987,firm,F6,139241410.18
987,firm,F7,75149356.47
987,firm,F8,75638248.11
987,firm,F9,143936670.54
988,agent,G0,70361.04
988,agent,G1,84296.25
988,agent,G2,99013.99
988,agent,G3,28745.81
988,agent,G4,57310.65
988,agent,G5,47367.39
988,agent,G6,25728.96
988,agent,G7,31921.47
988,agent,G8,116480.90
988,agent,G9,41182.56
988,firm,F0,149376988.60
988,firm,F1,65354380.29
988,firm,F2,111915551.64
988,firm,F3,103500097.63
988,firm,F4,129744314.93
988,firm,F5,88683766.57
988,firm,F6,139241410.18
988,firm,F7,75149356.47
988,firm,F8,75638248.11
988,firm,F9,143936670.54
989,agent,G0,70361.04
989,agent,G1,84296.25
989,agent,G2,99013.99
989,agent,G3,20332.30
989,agent,G4,57310.65
989,agent,G5,47367.39
989,agent,G6,28652.25
989,agent,G7,28460.46
989,agent,G8,119552.35
989,agent,G9,38111.11
989,firm,F0,149376988.60
989,firm,F1,65354380.29
989,firm,F2,111916275.15
989,firm,F3,103500097.63
989,firm,F4,129744852.66
989,firm,F5,88683766.57
989,firm,F6,139241410.18
989,firm,F7,75149356.47
989,firm,F8,75638248.11
989,firm,F9,143948367.54
990,agent,G0,68981.07
990,agent,G1,84296.25
990,agent,G2,100071.79
990,agent,G3,20332.30
990,agent,G4,57310.65
990,agent,G5,47367.39
990,agent,G6,28652.25
990,agent,G7,25381.33
990,agent,G8,119552.35
990,agent,G9,40980.04
990,firm,F0,149377189.81
990,firm,F1,65354846.46
990,firm,F2,111916275.15
990,firm,F3,103500097.63
990,firm,F4,129744852.66
990,firm,F5,88683766.57
990,firm,F6,139241410.18
990,firm,F7,75150480.47
990,firm,F8,75638248.11
990,firm,F9,143948367.54
991,agent,G0,68981.07
991,agent,G1,84296.25
991,agent,G2,98497.70
991,agent,G3,20647.38
991,agent,G4,57310.65
991,agent,G5,47367.39
991,agent,G6,32493.30
991,agent,G7,25381.33
991,agent,G8,119552.35
991,agent,G9,37976.31
991,firm,F0,149377189.81
991,firm,F1,65355251.43
991,firm,F2,111916275.15
991,firm,F3,103501356.63
991,firm,F4,129744852.66
991,firm,F5,88683766.57
991,firm,F6,139241410.18
991,firm,F7,75151332.19
991,firm,F8,75638248.11
991,firm,F9,143948367.54
992,agent,G0,68981.07
992,agent,G1,75114.82
992,agent,G2,98497.70
992,agent,G3,8950.38
992,agent,G4,57310.65
992,agent,G5,47367.39
992,agent,G6,40171.12
992,agent,G7,29201.42
992,agent,G8,122217.47
992,agent,G9,35311.19
992,firm,F0,149377189.81
992,firm,F1,65356127.34
992,firm,F2,111927972.15
992,firm,F3,103501356.63
992,firm,F4,129744852.66
992,firm,F5,88685270.18
992,firm,F6,139241410.18
992,firm,F7,75151332.19
992,firm,F8,75638248.11
992,firm,F9,143948367.54
993,agent,G0,68981.07
993,agent,G1,75114.82
993,agent,G2,98497.70
993,agent,G3,8950.38
993,agent,G4,57812.26
993,agent,G5,47367.39
993,agent,G6,40171.12
993,agent,G7,25998.30
993,agent,G8,122217.47
993,agent,G9,43474.43
993,firm,F0,149377189.81
993,firm,F1,65358221.34
993,firm,F2,111929893.47
993,firm,F3,103501356.63
993,firm,F4,129745418.60
993,firm,F5,88685270.18
993,firm,F6,139241410.18
993,firm,F7,75151332.19
993,firm,F8,75638248.11
993,firm,F9,143948367.54
994,agent,G0,61511.08
994,agent,G1,75114.82
994,agent,G2,98155.28
994,agent,G3,9292.81
994,agent,G4,57812.26
994,agent,G5,52434.62
994,agent,G6,40171.12
994,agent,G7,28003.42
994,agent,G8,122217.47
994,agent,G9,43474.43
994,firm,F0,149377189.81
994,firm,F1,65358221.34
994,firm,F2,111929893.47
994,firm,F3,103501356.63
994,firm,F4,129745418.60
994,firm,F5,88685270.18
994,firm,F6,139242553.94
994,firm,F7,75151332.19
994,firm,F8,75639507.11
994,firm,F9,143948781.42
995,agent,G0,54758.07
995,agent,G1,75114.82
995,agent,G2,93459.28
995,agent,G3,9292.81
995,agent,G4,57812.26
995,agent,G5,57983.83
995,agent,G6,40171.12
995,agent,G7,26745.57
995,agent,G8,127909.73
995,agent,G9,44732.28
995,firm,F0,149381885.81
995,firm,F1,65358221.34
995,firm,F2,111931121.21
995,firm,F3,103502560.44
995,firm,F4,129745418.60
995,firm,F5,88685270.18
995,firm,F6,139242553.94
995,firm,F7,75151332.19
995,firm,F8,75639507.11
995,firm,F9,143948781.42
996,agent,G0,54758.07
996,agent,G1,66905.70
996,agent,G2,100273.12
996,agent,G3,9292.81
996,agent,G4,57812.26
996,agent,G5,58585.18
996,agent,G6,40171.12
996,agent,G7,27220.97
996,agent,G8,125490.73
996,agent,G9,44732.28
996,firm,F0,149381885.81
996,firm,F1,65358221.34
996,firm,F2,111933540.21
996,firm,F3,103502560.44
996,firm,F4,129746813.88
996,firm,F5,88685270.18
996,firm,F6,139242553.94
996,firm,F7,75151332.19
996,firm,F8,75639759.35
996,firm,F9,143948781.42
997,agent,G0,55476.87
997,agent,G1,66905.70
997,agent,G2,100273.12
997,agent,G3,9292.81
997,agent,G4,53754.99
997,agent,G5,64127.29
997,agent,G6,40171.12
997,agent,G7,17177.97
997,agent,G8,125490.73
997,agent,G9,42278.45
997,firm,F0,149382048.01
997,firm,F1,65358221.34
997,firm,F2,111933540.21
997,firm,F3,103502560.44
997,firm,F4,129746813.88
997,firm,F5,88685270.18
997,firm,F6,139243522.94
997,firm,F7,75151332.19
997,firm,F8,75649802.35
997,firm,F9,143948781.42
998,agent,G0,61014.87
998,agent,G1,66905.70
998,agent,G2,100273.12
998,agent,G3,8271.17
998,agent,G4,53754.99
998,agent,G5,64127.29
998,agent,G6,40171.12
998,agent,G7,12172.36
998,agent,G8,125490.73
998,agent,G9,43424.98
998,firm,F0,149382048.01
998,firm,F1,65362917.34
998,firm,F2,111933540.21
998,firm,F3,103503880.44
998,firm,F4,129746813.88
998,firm,F5,88685454.88
998,firm,F6,139243522.94
998,firm,F7,75151332.19
998,firm,F8,75649802.35
998,firm,F9,143948781.42
999,agent,G0,43911.51
999,agent,G1,66905.70
999,agent,G2,100273.12
999,agent,G3,10459.73
999,agent,G4,53754.99
999,agent,G5,64127.29
999,agent,G6,40171.12
999,agent,G7,12172.36
999,agent,G8,128329.32
999,agent,G9,45043.60
999,firm,F0,149382048.01
999,firm,F1,65362917.34
999,firm,F2,111933540.21
999,firm,F3,103516088.88
999,firm,F4,129746813.88
999,firm,F5,88685454.88
999,firm,F6,139243522.94
999,firm,F7,75151332.19
999,firm,F8,75650751.50
999,firm,F9,143948781.42
1000,agent,G0,43911.51
1000,agent,G1,66905.70
1000,agent,G2,100273.12
1000,agent,G3,11556.58
1000,agent,G4,53754.99
1000,agent,G5,65620.16
1000,agent,G6,40171.12
1000,agent,G7,10834.74
1000,agent,G8,130970.51
1000,agent,G9,30705.42
1000,firm,F0,149382048.01
1000,firm,F1,65362917.34
1000,firm,F2,111945477.97
1000,firm,F3,103516088.88
1000,firm,F4,129746813.88
1000,firm,F5,88685454.88
1000,firm,F6,139243522.94
1000,firm,F7,75151332.19
1000,firm,F8,75651090.63
1000,firm,F9,143948781.42
